2 120 84 10 12 14 1
696831 -5911 202826 -734531 -478186 -107449 91028 1687313 1206715 -1691609 -686762 -232485 -90422 2405852 2140557 830368 -349967 1430912 -122994 -1093354 2201043 465126 -748477 2209391 509754 -779855 -69255 919755 1071536 567039 -394339 -1164747 523093 773074 -1710320 117314 942451 948391 2353762 1683274 -1105054 -1108027 42889 1545233 867805 -2167679 -2569030 1441220 1176812 -2082445 1682532 -321776 -991311 -293321 -878581 -264773 1590524 -19213 1606881 -198643 153146 1897789 -355707 -313525 792364 2147686 -840721 -1423669 1345334 312144 -450042 2696748 135738 -725671 2357261 1580080 -1019859 -107268 112436 1316895 685677 -270117 -3014365 1005409
965 0 1183 0 0 0 0 0 0 0 0 0 0 0 0 323 1228 0 1283 0 0 0 1628 0 0 0 0 646 0 157 0 0 1340 0 92 0 0 0 0 268 1173 0 489 1320 0 0 0 0 320 0 0 0 45 0 1574 0 0 1300 0 0 0 0 0 0 0 0 0 0 0 634 0 0 1496 0 0 0 0 0 0 0 0 1026 1785 0 0 974 0 0 0 181 125 0 0 0 0 0 0 1217 1754 0 0 0 0 1007 0 0 0 0 0 0 0 0 538 0 0 0 0 0 0 0
2742 49 -5671 -3603 389 -1048 991 751 6289 -557
2224 359 1610 -206 -1310 7440 924 1342 -3277 -1026
-856 425 618 -3454 -1335 131 -359 1390 -1677 1583
1790 912 -1627 3095 295 -1280 -1672 44 -302 -1101
-2756 -167 2116 976 -190 -1180 1192 61 5773 -163
1631 -1228 644 -3513 -649 788 -1158 -981 2469 719
251 -77 -679 -1947 969 1127 -844 -1540 -2505 306
-2061 441 694 -2339 805 -569 -431 295 -3073 1265
2606 1111 1094 -754 1130 -1885 -1162 -96 3190 37
1704 880 53 2217 -205 4420 1105 81 3753 -634
1103 199 -368 606 1047 3890 134 -28 1657 -1106
-2184 271 -7130 -450 1725 -3396 1147 -805 550 -1757
-1347 -1320 6143 -4199 852 1637 -1690 556 -6576 470
-1706 -346 4181 2633 982 1474 963 119 1550 698
620 -1468 -796 -701 -945 -202 160 -808 1472 889
-1786 1003 4502 3470 397 -710 1226 -561 1581 310
4804 1523 2315 -1925 1340 1122 601 -725 -1236 -1158
-3413 -225 -1794 2933 -118 559 198 1017 1713 -1203
1238 1531 -1447 -927 1073 1830 -1871 367 7432 -63
326 674 1924 3891 -267 1368 -1019 -967 865 -1122
-1462 1471 1457 -6176 675 4188 -1166 -54 4575 757
1233 723 -5601 5072 564 -1568 795 -886 721 -278
271 402 -1588 -1827 -415 -1335 792 1196 350 -309
-2693 -631 1645 -2713 -981 -2010 -1197 12 1224 1114
-11638 -417 3741 -120 1358 -1898 -917 1069 -3274 -1810
-2424 -1189 -3170 2667 1047 1455 -1263 379 2443 -1132
-420 1098 -4666 3145 -121 2592 2070 1017 -1809 774
3486 865 -2370 -2843 -273 1439 594 958 -478 1372
4636 -359 3046 1340 -1077 2215 -196 781 925 -894
1149 -1368 2837 -798 1269 2459 1581 255 -2877 -163
-1316 1196 -313 -1166 -128 105 724 -505 -1581 -1451
1981 787 -2223 -2839 -599 -4384 281 -710 2199 -300
225 -1300 -708 3537 -549 524 -40 456 1520 18
903 -44 -706 -9649 -602 1209 1482 -1401 -4291 -701
2264 -1442 -4779 1729 337 -4310 1319 -1000 -1078 -615
269 -531 1352 -1483 -673 2185 -1060 942 4057 -898
-3780 -429 6046 3470 1154 3358 1135 -162 -6787 195
1370 1134 -739 -5788 -482 -1637 2576 1509 894 1417
3358 1258 974 -1163 -1357 2378 418 -94 -565 -1415
3485 -50 921 -7611 -313 5438 203 -839 4069 58
-106 -545 -752 236 -334 1322 -1105 315 -952 1217
-1928 -591 -284 -251 -866 -886 -1162 -701 498 -481
-1150 138 150 -674 -1030 -1532 -1112 29 99 1294
1778 -565 475 2762 51 2877 1141 499 273 -1131
3529 -1554 -2457 -3611 -358 2465 -683 -245 -1043 1467
4039 198 -9193 -3733 -446 -1033 -115 219 3077 -782
-2351 325 -8002 -2954 204 6 122 395 -240 -1289
-3245 -24 2905 4111 810 2724 573 -681 -5401 1350
1139 -933 -3696 1616 -20 1172 351 -419 663 -583
-1234 -969 -1374 486 833 -1524 1092 -957 4490 -985
-2243 654 -161 5696 -1278 1928 -11 -997 -3574 585
1073 -966 4107 3704 -66 335 -1541 -250 5624 1279
-1783 922 99 -1914 -1419 1130 -421 -822 -1549 712
3799 576 2706 -2309 401 -836 67 1029 4595 -768
-1759 -955 1691 -3884 -1337 -2864 -1218 1145 3398 -1256
-6037 -1356 3319 2473 1710 -2532 944 -1124 1052 -1075
-4637 -962 -3617 538 177 4295 -1020 -1496 -200 242
-295 -1395 1370 -2006 -152 -200 -686 -954 579 -392
-165 -427 2195 -5053 969 1501 -9 1347 -1765 1313
-9373 276 2416 677 -768 140 -877 -693 6631 -1773
-1704 1191 -414 -8786 1411 3376 -382 1035 2157 540
-9860 414 2131 -4346 27 -993 -200 -1705 -1435 -524
-142 280 -24 -4560 1091 1350 1131 -511 -5264 -201
216 866 -7835 1259 -1858 2771 -1937 -1341 686 705
-1538 -525 2067 -5304 998 3075 1212 -13 165 601
1899 -1338 -4561 678 1710 1536 1106 -97 7158 349
-3194 333 -3628 1598 -49 64 -20 706 3311 -263
844 -334 -7805 -2897 995 -363 1271 -1281 -162 -827
-3055 -408 2841 -2347 1234 -543 367 1465 1968 1293
-1457 -428 3194 5028 -338 -851 353 -271 1072 -686
4663 429 863 -1121 -509 -3483 58 -1224 -5025 415
1774 -1187 2544 4485 219 -494 1286 1337 -3625 -633
-1089 -303 276 -1703 -1115 -1007 -831 -1149 -1476 1576
-510 -949 -1220 -2776 -764 4838 -873 5 1152 86
-2765 463 6688 -379 -207 2053 -257 737 2604 -1022
298 -163 7622 -71 -1463 360 -1008 371 274 -1246
-1411 -809 -1970 -556 961 -664 878 -1386 -569 919
455 808 -4922 1467 -410 1015 -1254 1213 -2398 -129
-2147 -955 1452 -1900 -1323 2411 -1346 -854 1083 848
4572 -665 -1093 -1257 384 1736 313 -753 -2487 -281
1046 -1280 1145 -3771 262 -194 -293 -370 -4683 -639
-1011 -618 -605 -419 599 335 -1116 -115 79 -1153
-1669 -975 -3424 2957 158 410 1615 537 -7496 1359
-230 1084 672 5240 -690 -2200 -155 -690 -161 77
452 -4127 906 290 -5005 1573 -4192 659 -621 281
635 6570 144 -1157 129 -5583 620 1320 4988 756
1449 -2563 913 -742 3619 -225 -1504 1062 -244 364
-1024 -5473 -439 -670 854 -4647 -5689 1290 1117 12
235 -1401 -744 -1026 -1355 -1449 394 976 -1777 442
1167 7555 549 -742 -8324 1990 -7177 2923 2308 654
335 -971 129 -965 222 -838 -1392 -64 -1823 927
-805 2427 -639 -271 -8582 -320 638 624 1903 -354
525 -1144 1018 -636 2359 -1167 -6069 1224 -6090 -770
-900 -6913 424 814 -1884 3880 3097 168 -651 -133
497 1477 -31 454 -5907 -2630 -1336 512 -3700 90
503 -2219 -1281 -15 -862 -3363 -829 -1050 610 900
-454 3063 -1032 -1115 1785 -8854 5680 209 870 -269
-1426 -198 -30 -85 1165 301 -1689 346 2892 1223
834 -861 -1936 -1140 -528 1656 4850 486 -5481 1203
-595 1505 1327 -283 -4646 4721 -11456 1016 3842 180
132 -1908 711 13 -178 2507 -824 824 1897 527
-268 1526 -175 -1345 -3047 914 1463 1358 1138 -782
-686 -2226 -641 179 1634 2890 1382 -2056 -6318 -1422
791 -4755 477 -545 1719 2282 1040 -1246 -2393 1301
-530 2954 943 440 561 2473 1856 -206 -3786 1102
-1479 -5804 625 1175 -1798 -2671 -1162 -1108 1195 -434
-239 -794 1276 -1265 -2048 -209 -948 1394 869 -860
1578 -1928 -1610 1227 2383 -1517 1623 -174 3975 -937
-815 6858 -431 90 -3676 362 -1145 -406 2635 -633
-727 -1941 403 115 -2945 -970 -5938 1111 521 -585
-133 7432 -1289 -1381 667 -2135 -1886 -232 637 -650
660 -4598 1370 -668 -5268 -2934 -3084 -1174 4272 1328
1355 575 -1104 -731 1032 -7353 -1206 737 1564 -1721
-1043 6477 -1197 758 4457 465 -2406 -1321 -4310 -716
-775 -813 1183 -1593 -1785 -958 163 38 -1267 -803
782 -3025 -196 -535 1886 -640 4 -997 -6514 -1009
53 -1575 968 537 1150 -3176 -3096 -1476 -5714 954
430 -453 -908 674 831 1449 3985 412 -1394 908
-517 -7317 -835 1162 4774 4667 -1815 547 778 -715
-698 1537 -380 -204 673 538 -3654 1450 -1894 1544
810 -667 -936 639 -1366 6212 -2623 1042 1152 -11
406 -2032 823 -1084 -5611 -833 -2049 -912 7493 666
698 -3305 528 397 -11 3036 2750 -1276 -4618 -1050
-647 -9262 49 -410 419 526 -4694 485 1901 -285
-1201 -1179 -241 -892 965 -793 1244 945 -402 -808
-1319 294 1119 895 -1080 -1020 -2357 -234 -1046 -839
-770 -1200 -216 220 -309 -1539 -1721 -1002 -1725 1310
-236 -383 25 -1252 -161 -15328 -2244 -486 2411 852
-415 2238 -1836 689 1056 -4683 -3546 -235 5649 1095
660 3453 -1696 -952 -499 -6580 573 -1090 -353 -468
877 -5956 591 -766 1672 -1736 3687 -54 -4075 -598
62 -1900 -689 -1132 3109 -4976 4947 -362 -256 818
522 2138 -1636 -1394 122 -8365 -1704 -87 7486 -2069
-266 -921 -103 -1272 5540 -5209 808 140 518 1008
480 5228 -527 -856 440 -450 853 -1252 -1627 -1141
274 -1001 -1830 -718 -3401 4531 441 -17 -2316 -975
-1370 -2072 -857 685 -835 -110 -945 -1180 -1001 392
1079 3352 302 -582 936 -1466 -4488 -1527 -2671 931
-1112 -2306 1122 -341 1950 -3976 -1107 413 -2 -740
-335 -911 -740 290 -1836 3439 -4764 2032 4276 549
994 782 -304 -833 -6694 -869 -973 -1138 -5437 -1583
-275 3004 -634 -439 1242 -677 -2287 -835 1912 -668
538 2418 -2060 546 3644 -678 3472 139 -3146 1139
938 -396 -546 -429 665 -998 1596 243 -655 -1158
-417 6523 -1241 797 681 -1150 3896 -686 5096 -408
-988 -2365 -571 345 -3043 3268 -1249 1719 -2021 566
-595 -1558 387 -735 -3192 2445 6731 -1099 1577 -300
-1381 -3606 366 -1392 -5821 1537 2901 -1797 -2085 1443
-1240 2747 1331 -1433 -7101 2631 -1737 1967 5228 133
-228 -6884 -247 778 3074 -2447 -6615 -1020 -3730 -713
-684 -2928 905 598 -3109 7580 -3926 1560 1676 1708
-524 -1035 -1339 832 -1980 -957 -646 -1008 -10588 -662
-133 -7797 -55 421 1707 -2780 -1018 -694 3469 509
688 -1188 116 -1452 -1575 -5254 -725 924 2375 633
37 -5014 768 1129 3020 -1858 -4373 599 -1803 103
-1143 3356 -472 -872 807 -641 -832 -713 1999 1403
1156 -281 -1288 -516 -1702 188 -489 -685 -1559 1272
-424 2396 -574 1532 -2463 -311 -895 1218 6129 -232
153 -4560 707 411 -1295 -3366 -3008 839 -364 1186
129 5147 -986 8 1627 1800 -1552 244 2029 892
-883 -690 985 714 -1528 828 -2443 -867 -2322 1438
-1293 -3300 -851 611 -5209 673 -2746 260 -4038 1036
-397 6870 -744 -258 2158 3477 3490 960 1839 1047
1666 -1068 -1273 1360 2761 -9343 -9299 225 -6218 -1953
1324 116 -85 1311 209 1846 -3630 6 2845 -267
-406 -619 1323 -332 -524 -1546 -1165 -1211 1121 407
108 -9040 1194 -186 -6745 -532 -4489 -1739 -632 -668
-926 2721 -1233 -254 -7315 -3585 510 -467 815 -1151
191 672 -842 1094 -848 1585 600 -1367 1327 1750
-1105 1597 516 978 -244 660 -1454 1803 -5743 -5560
-1831 -199 1085 -1518 214 143 -23 279 1943 -736
858 -147 5848 -123 -12 1213 394 -934 -294 4796
2876 865 7011 -683 -44 -1217 -1261 -142 546 1945
7943 -1725 1294 171 -817 -1113 990 2853 4608 1872
170 819 -1893 925 463 -1544 -50 -1781 -154 -1177
-2168 484 4086 1895 -1333 276 -741 -3571 -9032 -3484
1793 1473 -6974 425 2085 885 -992 -4024 423 -5481
3374 -342 -2242 288 -773 551 721 -7435 130 4841
152 683 -2990 5 784 400 -95 -6812 3622 -1834
3183 817 -2148 1732 1420 1132 -236 -5805 2117 5018
7235 748 -1387 -1144 1132 -766 721 1544 228 1527
1679 1211 3912 835 -596 -145 -467 4279 8955 -4263
3412 -302 -1270 -1044 -2428 -1261 1067 -1066 710 1936
-42 628 4300 180 453 -219 -86 -818 -3664 -6163
-6053 -62 1440 1658 -743 -373 946 3798 4806 -183
1983 876 -1113 -1702 926 -721 -117 2558 8248 5554
584 951 -1446 319 475 -1340 -657 1891 -4952 4370
-10659 -183 -3028 379 -113 689 -1072 -2326 -5875 -116
3925 -374 -1554 172 -259 1368 -293 2032 -3718 2506
169 834 -843 1635 -2169 -154 551 -5846 946 -1727
542 522 -1389 870 -743 383 112 601 -741 -1480
-738 -778 -3893 -13 -594 714 -1108 6505 -3746 2570
2782 1331 -2776 256 279 -1070 742 549 -2780 -8499
2104 502 -5111 -1313 -1299 1071 -531 -3094 -7076 -3591
4406 -321 204 -159 -671 -109 -730 -582 -805 -2489
3638 324 1452 1717 -1585 529 -1497 287 1784 -9559
-1832 -943 1449 822 271 -1295 198 -1078 5579 -1595
-3996 -726 3850 1294 1682 631 -78 836 -3305 2330
-1503 532 -1091 1481 519 112 -1000 976 344 391
-5110 1543 2872 2099 -707 -569 28 1620 -1066 6249
2005 1592 -830 -2081 -58 -924 -649 1349 -366 3453
-3573 -425 856 1734 -328 1271 -460 619 34 -5983
-3842 1392 152 101 1136 -67 745 -3545 -1834 -2194
2099 -746 -1800 -76 -1080 -1132 827 3307 -872 3319
5103 258 124 -1489 -2 1620 105 -3255 1162 2044
-5136 601 -2687 -163 -406 -316 221 2069 2718 -1119
4509 46 -3904 -590 -500 -1561 206 1631 -3183 861
-6155 -1777 913 763 -729 456 -459 -6454 -6415 1241
-580 1128 -458 166 -1270 -637 230 -937 -1580 -1557
-102 1437 47 940 775 1473 -924 -917 -640 471
720 -401 -973 -1565 -1057 -375 -349 -253 -990 623
-3843 1033 1229 -689 1951 -1002 -905 5049 5230 -4141
3045 -1160 729 550 -257 864 -766 -6139 1120 -1391
512 -611 -645 -510 265 -342 -109 3637 -3283 629
-4460 621 -5578 -146 2391 -593 29 1863 4961 6507
-3321 1318 2509 456 925 -179 739 2494 -1894 4203
-3978 -1140 -654 -1250 -1077 -206 -780 936 2356 1308
2899 -624 3802 -46 2114 -1297 -185 -190 -1750 -4390
5129 531 -4000 -836 194 -886 -512 4641 998 2527
-598 1311 -1925 -984 -860 546 -211 90 -11038 -3465
655 -738 -1008 360 -500 -475 -1299 -1032 -946 692
-786 -1102 -5926 969 381 294 -565 3562 6427 -2781
-2960 438 3429 49 -457 -149 940 247 -6938 -438
5016 -608 -2727 -585 1485 -282 -1325 960 886 -1832
2797 -1464 1805 1318 -728 -978 -430 -8022 1510 2777
-2269 413 -812 493 387 266 -841 793 1294 3392
234 -518 3826 100 -663 268 648 1148 -3286 5019
2720 2847 2384 1475 671 994 -643 -4032 1854 -1360
465 -168 -964 1387 -465 -322 1059 788 -1681 2949
4475 460 1466 891 -74 -1579 304 -5507 312 2777
-4348 68 3692 1135 -363 -1545 1061 4421 -7038 1868
774 -830 2242 374 -320 -1010 1085 -2186 -1443 -6467
4288 -128 -5374 1796 -204 -537 633 922 -3849 1247
-107 1754 -5747 -961 -1909 -98 1091 -7325 -1381 4262
1989 -572 -1459 669 -249 1040 -347 824 3573 -10249
-4822 601 1255 840 -1110 1126 1291 1988 -7937 -1052
-8910 1167 2805 -2788 1987 -1014 -1097 233 4555 1126
-7045 69 -1399 319 -933 706 -487 2971 3875 -1619
-655 -346 1476 -814 -1159 -1018 -576 2538 -2989 -1307
-871 841 -4559 -238 684 -1109 985 -3 6300 -593
373 -1247 324 -468 -158 744 -1171 -417 232 59
5064 419 1612 1076 -333 1398 885 -1136 1548 1563
-1393 -621 -2830 -1200 299 443 629 -10612 -9088 -6389
-395 -252 2691 363 -475 593 -731 2179 -1883 4329
-948 -1134 -1523 -183 40 1135 744 -534 -211 2042
2348 -447 -4030 -1495 -1611 137 1012 173 -1630 -291
-1981 -1159 -69 254 1473 768 71 1432 2969 1610
-2387 1033 -3557 156 -741 99 -578 4019 -3660 -2774
5457 -197 3729 -786 1001 -1486 41 -3597 1264 -2931
-1529 1351 -327 1476 -571 -1410 -1304 163 -294 -1518
1438 -24 5508 1596 669 1707 -1170 -7427 5557 -3379
-3394 -378 -7052 -425 530 876 1463 -9750 230 4349
-1367 843 6920 -1316 1233 1691 -791 -787 -283 -4390
-741 -579 2670 -296 1581 7533 1068 -358 -462 -216
-112 1293 -1042 696 691 2266 1273 -1333 1733 -467
1086 -1153 1127 413 -252 165 -873 -528 127 -1684
-1778 -306 2469 -23 3590 -1656 -170 612 -1003 1954
1256 896 -1200 1710 -5509 -295 -67 -495 -46 1812
1262 -1077 805 -18 -936 481 379 -272 530 -35
248 -1041 -1802 1073 -1801 3126 -926 -35 -355 -19
242 -918 5874 1289 3075 -526 -1193 -1017 900 1346
-580 -989 -2396 -803 -3089 -16713 1216 498 -811 -3277
-1297 309 -1685 -888 202 -3186 303 753 445 -959
-903 1644 630 -344 -194 6270 641 -158 -385 3298
-712 622 -7046 -361 3940 -3046 552 -448 1725 -4389
535 227 5327 551 7207 5524 -552 70 736 -3069
1062 -849 920 -885 3865 8849 1276 1218 -696 1621
19 -362 5458 -854 6776 3309 428 -753 1405 -4174
-789 792 -878 -133 1406 -1937 -29 841 -1117 -3699
-1292 -757 -2087 515 528 1265 264 -468 540 240
777 -655 3018 565 803 -4280 580 -126 -1541 1135
1066 1038 6887 -1863 3065 3283 331 1638 -1323 2950
-1049 -1209 3556 -106 1456 1643 1457 1091 492 -2841
1321 -408 -4285 -776 -1797 2272 -920 1638 -765 -2313
1375 198 702 -577 783 -516 1262 118 -255 944
-1234 56 627 14 -4823 -401 900 -53 -338 -4691
275 -539 4487 -367 703 -1651 -160 -382 2547 243
469 -909 -2854 -868 -596 -376 -1400 484 -539 161
-371 1277 -1520 820 2440 -6690 -1617 -1295 654 -3854
47 -47 351 -1714 -1130 -5859 -127 -661 684 4970
-665 1612 4838 -461 7688 4824 -410 1008 -216 251
-13 -1022 149 1185 199 -1743 -445 -1846 -154 1009
-32 -614 -282 556 99 -1048 670 -1177 634 -1856
-607 -1164 -5261 842 -4215 4017 -680 -897 -712 2729
710 -504 4312 -1228 4817 -7288 -1033 235 -749 1435
-1527 1197 -2574 114 -6465 1913 198 -1436 -1513 -2818
565 -875 -3630 -110 -45 5147 945 2003 -1629 2201
159 1069 4495 963 2395 -3482 306 -43 120 -377
-963 982 3873 -186 -2566 -5351 -43 -537 -312 -1268
304 -132 -158 -497 1991 4242 -1274 -279 1922 -1457
-45 212 -592 -1230 -1560 537 500 776 -949 -3105
-180 1334 2232 1561 593 241 17 -548 985 -3658
-202 -811 -368 543 118 441 -1429 -523 1200 -2340
1325 -1362 -197 -920 775 -780 -1334 1000 1283 -874
192 -941 -1981 669 -1158 301 1163 967 960 -1827
264 1073 2251 -471 2410 -2300 -226 -918 1642 -1600
-687 -831 2108 -35 -4930 -3207 -1259 763 765 -3957
-171 444 5458 -14 -2998 1673 -1133 1081 783 -7180
-545 366 210 2426 -7359 -1047 810 -825 56 -4104
-498 39 -7789 -1035 -386 1456 -1163 -244 847 1951
-765 -132 280 377 2979 -8889 -805 1032 -895 860
991 914 -1120 928 -1483 1485 41 -1407 -1411 1701
1003 -806 1267 1565 -1277 -11018 -457 -39 -890 -3153
1272 52 8858 51 -2031 2361 -1607 -179 196 5956
-1018 960 -886 -1328 -427 -1207 540 -650 -1004 -2112
616 -1675 3189 -395 -421 -5023 -1389 -775 1703 -4622
-1331 -1106 1003 746 -1031 4368 978 358 -1846 -2837
476 295 -1992 1097 -3876 2740 -148 -761 -2074 4503
-360 -882 141 -1238 -2390 3591 -827 -914 284 1002
695 394 -72 -1315 -1988 -2202 -957 -783 1408 -2620
-1130 298 -2410 -1661 267 -343 -378 -852 -643 61
952 361 1443 -1309 -1210 2786 -1332 -1154 235 1951
740 -131 3520 1584 -9254 8225 -280 217 -1395 -6399
1181 1117 -1776 1092 4440 6015 541 2017 294 3065
-1656 804 -7064 551 -8785 1872 -358 209 321 5217
1172 215 -2828 -1263 -2155 952 -1089 -1792 -1362 -6965
-1204 1298 3590 864 1350 2582 903 -702 651 -8326
-442 -121 3180 -629 -3032 -4513 -342 -798 1529 -9661
-497 83 -2156 -485 2373 -7433 -938 -465 -181 1054
-763 38 -1550 875 2122 -2193 -1045 834 -1248 -11939
-1208 -1062 774 423 -754 5629 -731 -1165 742 6562
971 493 -5079 1304 3730 4757 -1155 1417 1420 6145
-380 106 -7310 -421 1018 3172 746 -624 -123 -21
-1560 -1097 -474 553 3375 1908 1013 -1383 -368 -3034
1089 1266 -384 784 -1731 -1292 -1566 375 1534 -1113
948 -1264 380 286 -957 -5930 -1155 1342 825 -3636
-1583 -1282 2890 -917 3042 123 -439 893 2044 1533
-1094 -1070 -2149 430 1046 -2431 94 37 1761 -971
-900 1365 383 55 -1955 265 1194 -1075 1954 -1152
-435 -1468 3178 588 6164 1194 -996 460 1123 -2159
-1556 -280 4610 827 981 -3792 -1432 -1353 -395 -488
1071 -757 3766 209 1540 817 -712 812 1646 614
-1389 -820 -4084 179 -343 -4591 -260 373 368 2328
-241 -848 -655 648 39 -958 187 -218 -845 -1738
1534 -998 -7389 1055 3823 5146 -1434 -480 -390 6223
-434 608 2380 100 1989 3545 -605 735 257 -290
-861 904 5718 2257 -15 4115 1688 4347 -1424 -8290
-2457 1166 -785 10356 -106 -1359 -340 6783 1983 -3104
-464 -1034 3920 1655 -281 3195 -1691 2046 6655 1825
3811 759 -3939 -5901 -885 -3837 1486 -1933 -1149 3760
-664 1284 -269 -7149 -921 -3339 -13 3476 -4673 -1282
-296 945 4560 4955 1476 922 -4009 10971 -5522 -4735
276 -173 82 -530 659 -343 -1272 -2192 -609 -164
-1910 -298 -1137 5199 -1287 -1702 1261 -259 2375 4599
-3041 106 -2133 -6240 -621 -5419 583 -3533 -2972 -3682
-3532 307 -749 4312 -92 -2945 -2686 2320 -2972 -3891
4215 -1085 -4660 4249 467 -567 1594 -3389 -10193 571
-1035 -284 47 3870 1090 4005 27 1397 728 -1991
4872 -1064 -3324 -1366 -113 2304 -3508 4604 2055 610
354 169 -1292 1459 -162 1782 -5079 1421 1584 -28
-484 -744 -5986 -364 -89 210 -5306 3691 -754 -1767
5807 859 561 -3339 -791 -1317 1292 -1429 -2777 -671
-1806 85 2482 347 -136 6273 2563 -571 1331 -4009
-2624 -948 -11217 -4404 1151 1661 -129 -728 -1188 1918
4943 -873 2383 3097 -996 2141 5158 -1249 1571 7285
304 -1624 -3543 -1350 -799 -4089 2249 -7811 118 2871
1585 -192 -2504 1721 -882 -3427 -5646 -3885 1785 2263
-672 -13 -3903 3805 1300 -698 -4695 -2152 151 278
-1564 -1355 -693 671 -617 -977 692 -1189 -123 -973
-3483 1145 1137 2251 -82 2713 76 1833 1846 -3048
-6592 1742 -7072 2950 573 1075 -729 3743 5130 2550
2531 892 -6497 4219 -810 -23 -3226 952 401 -23
-2242 1164 -3748 -3058 -1122 976 1069 -3831 4347 1464
204 -416 6110 2473 60 -5994 -1955 -3649 -7244 -3521
-227 381 -53 -9425 -1226 5005 3104 1859 -2087 -7595
-1257 477 736 450 1080 -8976 -353 -4421 1759 1687
-1564 402 -1082 -522 1238 258 363 -759 485 -1379
-9067 805 -401 1306 235 -4855 -918 -3013 3640 -7665
-2270 868 1723 -2072 -966 -3391 3727 891 -2715 5833
-2270 455 1008 2317 1143 1719 -7871 7184 6004 -3305
-1655 -635 1284 -1343 1561 3034 -1375 1430 996 -4634
6200 -717 -3310 -187 -536 -3547 868 3404 -5229 -3713
-2297 1027 1118 -5881 1027 -4865 1078 -5500 -3045 2028
3134 231 5149 -3445 -1389 3370 -1154 2643 2578 2905
-1759 -376 2326 -858 -1340 -1827 1558 1793 -1522 2269
3383 -139 2367 -840 -370 739 1672 -701 -4464 1733
121 764 -30 -2349 -286 94 602 -333 -1546 176
-250 489 -167 -1473 -45 -1217 -1955 -49 355 -1001
-1663 -582 -976 122 1112 -301 -1781 -1516 6 -665
-748 855 -2262 -3992 -563 1682 -667 -1170 4604 2889
1541 -55 -1251 -7085 -251 -313 -270 7378 7863 760
1952 253 -11577 -3203 974 3195 1205 3628 -1032 -5785
270 428 677 700 36 -7909 659 403 -4118 -3397
-2381 -137 -3823 -1727 -1175 259 -382 -3078 2649 3341
-1621 110 2367 -3225 1251 4422 2510 2758 -714 -336
-2558 1191 3045 689 720 -14295 5019 -7600 1734 178
503 -967 -6788 -3504 926 -2496 6121 2913 4067 -295
-2628 -248 1602 5009 -840 -649 441 79 3371 2678
419 -404 -247 -1200 1009 -1856 -428 536 -1013 -1650
-1176 -427 -7370 -5246 -1046 -2382 -1232 4335 -1906 225
-670 693 -2635 -3162 746 -3403 2386 -10676 1713 1127
-7721 -1052 -4141 3824 674 -2610 3262 -9768 -340 3628
-953 1323 6597 199 361 -97 -4417 2239 5874 667
-6432 496 -1493 4006 -649 -5039 -2901 -4425 2246 323
-9082 -608 752 4204 -891 817 -8320 5286 5423 -40
2207 -505 -5605 -605 -1504 -4547 -5443 -54 -1266 3585
7759 1435 -2711 -128 -265 -3998 -6431 2558 1310 278
4007 1562 3198 1353 1374 121 -6846 -1645 -6834 -57
-6 -769 -993 5451 -334 1445 -4051 -971 -1258 -1646
4811 -794 -2671 8615 522 -385 -1310 3050 2058 -2431
-72 -1141 -8846 -1436 221 -2663 -5542 -1994 -2105 3087
-999 -1044 5910 -366 1257 3089 5544 2835 518 -290
1168 325 1513 1109 816 -526 2295 1149 -446 -1765
-2705 -747 983 1538 34 -541 2673 -538 1292 -2782
330 1765 967 540 220 4310 -1063 -172 -2995 -4562
-6588 617 2840 1913 539 1639 -333 -207 -3031 714
6747 354 4355 -120 -747 -1777 -1372 1062 219 2590
-819 1489 -8744 -5187 -1103 -644 -375 -827 -693 4606
-142 619 355 -12 -709 803 1033 -1398 -1445 -1762
982 945 194 -1049 261 8743 331 2216 -1679 546
-2731 -900 3820 4752 591 3084 -5045 6825 1181 807
758 -686 -3573 302 1268 -2709 -4291 -4461 307 4889
-2595 -484 -1003 572 210 -1794 -90 -2416 -44 -488
-471 663 372 628 73 -1360 -13 230 1892 3616
-3255 -1164 -10 255 -715 2516 4779 -1890 5729 991
-186 229 -2178 5000 226 3385 781 961 1536 -3311
3673 629 982 -1633 635 -4037 -1100 -2432 126 -3653
-1983 162 -532 -532 1187 150 686 -231 -123 -89
-9607 -853 3676 5731 2007 2591 -1980 736 453 -3191
-4217 -331 411 -3036 696 426 544 9 -7553 -634
2071 -37 3658 -737 3063 -859 157 3319 -3455 1109
-3483 -1677 3222 -117 -394 -967 -172 -2084 -2272 425
-4558 -1509 -631 -1443 3893 3505 -916 4275 -3444 1525
-4607 -871 4818 257 -2218 4519 -1450 -1278 692 831
-2350 -340 1620 -1560 4510 -1119 1129 -631 -362 407
-7081 1462 -2882 2156 5463 -1560 860 5365 -5238 1230
6 1457 -340 331 924 -243 -586 -1627 -1627 -1393
-981 505 3839 -604 -7092 -688 -1446 -18 294 55
4901 923 -1331 -884 1167 -549 -175 2384 429 734
1095 -1348 -4710 -1307 -493 -29 -565 -8678 -36 -589
6207 651 -3615 52 -10884 409 -242 -3001 2000 -838
-2696 855 -3607 -53 3581 288 497 3720 3786 -56
-182 -1245 1086 1639 2949 1699 -695 1917 -238 292
-1634 -101 6427 -1065 -4614 -1897 -1008 1481 290 970
-2970 -698 -6278 -758 2716 -1038 1117 1697 -5060 -106
-5981 81 -6833 -1071 -16154 4857 581 2308 1572 790
-700 -701 -2996 -136 -9611 -214 -616 -936 188 -555
-418 -1652 2382 -1673 2389 1590 1346 -700 405 297
1092 -595 -2365 21 -9316 4888 911 -1316 3109 -1039
1993 698 2484 -394 -2340 1078 1025 -7786 5712 1161
2631 12 2124 -895 2128 -5697 37 390 -2005 447
947 678 -1515 544 -2220 7052 971 5364 2797 646
-372 -558 -1501 -303 -172 -566 -862 -1315 -884 -1
5559 1542 -34 -1268 -1972 -352 -654 -2603 -2868 -577
-448 133 6099 -632 673 -3177 -1366 1427 3035 -1243
156 -495 -4256 852 -1776 1498 381 -1338 -1409 52
4789 91 595 -985 -10506 2381 -595 2104 2581 1292
5032 -313 -2612 917 -4119 -2550 -85 -2930 1862 922
-554 334 -4009 -961 -584 4079 870 -5724 513 873
1485 -42 117 -726 -2512 -1935 -1203 -2079 -268 422
269 1107 -1558 941 1025 -976 -1126 -723 133 -338
1478 764 5218 123 -10663 86 -911 -3422 696 -1630
-254 -745 -4785 -201 1197 7944 -462 1293 -7661 1332
-1308 748 -6262 837 4136 -6164 558 -6766 2435 -881
-788 939 1674 227 -3927 5681 812 -3170 2509 -813
-3785 -1523 6564 -746 3864 -280 310 -1574 -5907 -1073
-1834 1195 5456 1485 -1029 -122 -328 3633 -2390 -13
-780 -269 -2205 -1128 -3126 5663 1372 1633 5256 -1115
749 -207 3074 862 3424 3127 771 -2871 -6992 -754
6331 181 -3161 500 -1000 2477 595 4604 -811 -333
-1799 897 -230 1483 -806 -248 -580 -1416 -1727 -470
-37 892 -1172 -790 -1953 -525 1238 -1504 -410 -1018
-1105 573 -1036 -466 -1494 -1447 -195 -678 -1401 445
-491 -600 2372 -334 -3595 -252 -1236 3799 -6193 -387
22 -1188 1117 757 3199 367 -981 -1073 2405 53
-5252 1193 6954 -1277 -2732 -287 -1066 -10165 1055 -965
6845 -1513 2724 363 684 -9677 1329 2694 -284 246
-1609 136 546 -583 -5757 383 1290 -2231 3522 1221
4088 348 994 -71 -432 3354 831 -4065 -3612 1397
-626 -166 -12113 -1365 -1429 -6864 -310 -5380 -6571 142
-2656 652 2666 1966 174 -2028 -1478 -8498 -1391 1511
-713 2215 4584 -1148 -607 -369 -706 -5757 894 -974
-1479 -1321 446 607 291 -985 891 842 -1842 -1342
-2056 76 11 324 4154 -4527 -588 -638 1852 -1563
6890 681 -6741 1101 -1044 4081 906 2041 4697 -1188
1734 1186 -4303 783 -4541 2935 850 3125 4228 1023
663 225 5916 450 2066 3199 -179 2383 2342 42
4343 798 -3520 122 361 3369 -530 1080 -2817 -1000
-2525 -542 -1915 -1112 4221 -1223 -1107 3621 1294 -1196
3712 -254 1975 -995 1545 -3978 1089 3765 -2502 407
-4937 1268 -667 526 -1850 615 -440 -202 -2702 822
4768 -136 -1444 -53 2401 -3024 -955 1681 -2211 210
-488 1527 7508 288 2064 -2730 -420 -3384 691 484
-3972 -546 221 -667 -1236 2373 -198 -4432 -1453 957
1955 -891 517 -206 -2080 822 -1283 2319 -879 938
917 357 -1747 -302 1056 4381 -428 434 3857 -382
-897 761 6812 1719 1100 3824 630 -3779 4744 567
-2564 919 2345 -137 -6549 4437 404 -4425 -2678 -972
4105 693 -2574 -627 3642 -5456 245 -1867 1060 -1118
2775 900 1341 205 -2551 3998 10 -5003 -4939 -146
-2462 591 1237 -197 -5039 -2325 964 -947 4864 -298
1447 -1290 323 -777 3312 -476 -487 4025 -4429 900
-346 1168 255 -1385 -638 -694 1433 -809 -1607 515
2423 -380 47 353 2333 2849 -1140 -308 1983 -1215
-6029 -432 949 1096 4694 6006 53 -170 -2595 139
3407 -640 -668 -1234 -9428 -3104 182 -4750 -434 -287
-197 -471 -2564 -799 -1223 -673 -1284 1000 -1300 203
-3783 21 7633 -147 -1069 3279 1115 -3165 -180 782
2442 -805 -7906 -763 3425 -7566 -201 -2247 -2489 -407
-1109 -274 -1664 1122 -2923 -746 706 -212 3529 767
2164 493 3325 -1207 1030 -743 -1086 4628 3053 1442
-1656 705 826 -1074 -1875 -1512 -192 -961 -1418 685
-4236 -1335 -3312 905 -4297 -1644 -437 1312 -902 -784
4648 -874 467 -268 4519 4255 1207 1785 1012 -1478
1719 -491 2493 1457 4641 -921 1363 -1068 220 4331
-99 -1113 -5020 -3152 -4544 -252 414 1158 -36 -4759
1509 1215 -38 -841 -5008 235 176 1273 -163 -3352
-2605 -1220 1297 5242 -2388 1643 1259 352 -1372 1910
-5319 -339 904 890 325 -125 423 744 -727 -2307
-1413 -175 2317 2649 1123 603 990 -54 -1300 -1386
315 872 -1184 -1068 -35 -463 -240 -235 -1114 -690
4268 708 4245 91 680 164 -1311 -857 336 2161
1686 -975 -5407 -4553 -2317 -901 -401 396 481 -7211
3845 -382 5974 2239 -3181 -672 -359 -380 1097 2612
-8333 -1147 -2028 1064 7084 -436 -1379 -251 -1158 -35
361 -847 -9280 -1512 1930 -671 -336 532 -223 -645
-5723 55 -596 242 -227 -791 28 644 930 -9647
911 264 -4611 -3095 961 1111 1400 -617 1244 3085
-1945 96 -7378 1136 3254 -949 594 -547 -1270 5156
-4923 -1143 -3139 4186 390 -952 263 585 314 4547
-5954 -1307 2515 1890 -1718 -114 -769 -1352 -1588 1302
784 -874 3052 2368 4999 833 550 308 -1636 47
-375 1247 -4674 -2602 -3918 586 -1585 14 -1066 2711
-4134 1039 -6223 1379 2445 -1627 270 537 -316 -1646
1687 -1060 2259 4992 3874 267 121 862 1533 4456
92 -615 -2355 3514 1812 589 -979 -1284 1544 186
-1439 1197 -1629 180 -1140 1237 736 1226 122 -1902
4846 1695 3514 -3271 -214 -729 439 -17 912 -3966
5604 938 -175 3603 2111 -340 888 -735 -403 -608
-1863 -1314 -1224 -4475 -2177 665 710 -982 1193 -1029
1261 -619 314 4222 3420 -1632 -464 109 1533 -3602
-3 -921 -1671 -5429 -4433 1387 -539 361 -969 183
-8151 266 898 -752 3952 1324 506 695 -556 1253
-339 -371 -3275 -6878 -9168 -747 1016 1332 555 -892
-1211 -288 675 -331 -1780 -1183 -1212 36 726 -1318
-7176 669 -5942 7336 -1409 -119 -1317 129 192 5464
-2492 252 -4448 -622 457 -1158 -1045 1056 173 -2431
2903 -1226 2735 -8318 6851 -358 253 -10 116 2945
6118 771 278 4141 3514 1384 477 506 -46 1395
-16046 -124 -1557 644 219 1446 1296 500 1052 -3249
-4095 -505 792 4920 3591 -781 -845 -943 505 -2681
168 1083 -895 1589 -9175 733 1266 363 300 1044
947 -1037 -1016 -8328 -8652 -1504 36 193 -988 79
2222 -256 2461 4705 2973 530 -1114 -1217 1327 659
-1156 -31 -1792 -852 -2173 569 -6 1121 -916 -2338
-445 -8 -214 386 -2427 702 -257 -418 34 -371
-2193 -679 -455 393 -154 -1196 147 -510 -17 -759
943 -548 4515 -8283 -3541 -430 918 -821 1202 -665
-904 -865 2471 -2428 1384 -366 1255 762 528 -4569
-11958 1085 -1616 1267 2062 1144 858 -704 152 -2769
-3386 -603 -7107 100 -2170 -244 1485 550 -1456 712
-921 -956 2974 -1817 2929 536 -1005 -301 133 -1891
-4988 50 1425 -608 655 210 -762 1164 -824 -467
-5127 -524 3566 -7059 3013 650 761 1028 -467 -496
-2315 305 -1426 -4535 -3230 -102 662 -1230 1081 -1936
-2390 -567 -1384 -1906 457 343 103 -122 543 -3717
-1944 -1249 -1389 629 653 207 -1472 287 122 -1015
-6570 -256 -6119 -792 4428 -1437 -377 1300 521 -2553
-155 -1002 1624 -1854 -3161 -651 455 297 447 -186
-185 -79 3228 -1723 4397 1051 1411 490 -1025 -2049
-1046 645 1242 2153 -3776 1261 -1236 491 517 -633
112 99 -4276 2300 1204 403 777 -698 -1386 -4408
2462 -1171 3059 -8258 -5850 -711 -1155 -1036 1528 -1343
-1748 488 -4782 3238 -1054 347 598 1073 974 -1121
-5214 -1041 -3870 4331 99 895 -426 -565 -504 3262
5857 1230 -1443 2262 4330 -529 -744 -294 698 1643
2073 1050 10632 -4101 656 345 1748 -814 1388 -780
-2224 -176 -3772 2464 -3011 1347 406 -742 252 -6404
-70 733 5103 -1585 -239 763 795 -6 550 -225
-2725 -1257 3226 3287 -420 920 695 1257 1031 -2031
-6415 -665 -524 3367 4152 -1566 849 115 -545 -71
5989 -1145 2677 2649 2882 1117 587 427 -1085 79
-2375 -80 -4866 -3554 -503 -1222 -281 -892 -264 4161
-3936 -562 -1786 5940 2677 -219 878 303 -13 3486
1361 1086 572 -2662 -527 779 719 -1010 -1450 4383
1924 461 -5982 -2286 -4788 -1078 -959 -1552 -1099 97
-499 -588 -807 -853 652 282 -660 -1120 -933 -869
-10965 -1369 1991 2723 -5244 1088 -327 1192 -345 -1206
2272 -1139 658 1197 -1743 -1037 -1571 -1309 -272 -6086
-691 1060 3310 -433 2100 -260 -1033 196 -1595 5396
1151 -458 -1378 606 -1471 -1319 -594 51 -723 -2470
5834 -901 4748 -932 -1224 1384 -701 -224 10 -2056
-2990 1089 -2072 -7551 883 629 -193 -1059 -690 -4588
-826 -1420 -347 1213 2716 -102 930 -218 -1003 -1866
-2006 880 3482 3110 1666 -1220 -1326 -722 -1485 -6572
221 -74 -171 -562 -1087 433 -823 -401 -542 -1895
1166 665 1864 -819 1624 1133 -72 172 483 -5292
4671 -6 2542 -4212 -1069 -703 1272 -1617 557 1653
3308 211 604 1907 318 973 -1221 247 5216 -5015
1047 1211 -2039 -1311 -901 -729 1767 -1554 -1617 37
1536 51 -2333 791 -638 -1074 3593 -1265 270 -844
1684 1715 -1072 -1228 103 -566 5033 633 3203 1491
-29 428 65 124 1154 1633 299 -1256 -2504 -8332
-3288 397 4752 -594 1309 648 -2959 676 -840 -3961
-1136 -194 299 1031 898 -1257 -911 -1002 1112 -1973
-1395 343 2156 -918 -306 916 -1126 -551 582 806
7536 1259 -1689 -983 667 983 -959 -1147 -439 3203
2426 716 1917 150 718 -1489 1540 -913 -144 -6017
-8091 -655 -3810 884 181 -839 924 -1025 -11437 3690
-5024 -1282 545 -423 -1430 -856 -3454 -590 6450 2926
1937 -618 5253 -364 197 874 -2723 607 303 1929
-793 -82 -2233 -869 -581 -625 -695 -1530 219 -1016
-5036 373 8615 -430 -84 -1144 -3142 514 -2312 2510
-2785 -357 510 -135 583 283 2857 263 376 4031
-6438 -1017 6523 -529 851 -15 -397 -661 1158 6234
-3418 -275 1976 1218 929 1061 -5061 -55 -5945 384
-2010 625 -5628 -777 -1313 1333 4940 -1074 -4093 2268
4308 793 -4554 1529 481 1217 5124 994 -3529 2061
1121 1245 81 -879 1080 1075 -8536 -716 3487 24
433 -82 2260 -1044 -556 -209 3605 1045 2830 5096
-1875 -333 648 -237 -1173 -936 -366 889 849 635
4341 1616 -695 198 482 -618 680 1172 -1896 -3059
2117 553 6763 -118 -549 -1380 -1533 1131 -1432 -4113
7100 305 -8363 1314 -354 202 2204 -801 -2031 -259
-8262 -181 1889 413 739 -748 1763 -1176 -1571 2094
9 -159 -12281 1278 621 -478 3118 1096 1128 701
93 -424 1610 818 -787 -365 -3186 1168 7607 -2543
1510 -1035 1182 -1419 350 -74 4487 1271 -5585 -2944
648 -1327 251 -544 -950 1373 912 1319 -814 47
-2966 119 1366 -125 1242 543 -339 -205 -9 1936
2001 -121 1318 -579 -412 -215 718 -936 2657 -12
-3068 -1494 -62 -741 20 1117 -2267 -442 -2629 -9328
-2351 -599 333 -1073 1344 -77 -1810 1674 -391 1608
2790 575 -1586 427 1455 1467 4489 1686 -2068 1885
86 1443 9200 73 903 -748 -132 107 -1817 1455
2279 -837 -3270 -1250 408 1152 2827 425 719 1330
624 699 322 -130 -167 -1588 5053 -1237 -1486 1781
-690 693 2318 229 -592 266 1181 -484 1197 -1369
165 673 -472 370 -527 115 -1896 642 -12 -1405
-332 -717 208 386 -109 506 -585 66 -1132 -1578
-636 966 -1241 -96 -911 -102 519 368 -306 -1383
6161 1652 -5770 -255 -788 482 1622 -1310 -5937 -5201
2062 1352 3568 712 -1439 -1086 -2713 1381 -1236 1197
-981 1851 2405 232 -1063 1018 -1948 294 -2293 -1205
-2277 -644 -2730 1063 82 489 -1724 348 2411 966
-1809 -1511 1888 1562 -1425 -1162 -132 -1277 -1931 1012
1017 1733 -2454 1033 753 861 -1041 593 4133 3310
-1414 971 -446 -113 -453 973 -1565 1318 5235 -1492
1604 981 3298 -1500 -1099 -53 -280 -493 2550 804
2099 806 -779 -989 -1375 -203 2313 -1580 4229 2154
-2063 -363 -2399 -818 958 332 -249 48 -2219 683
4404 -1600 -4544 -9 -998 670 -4908 -93 2949 1434
-1712 -229 -2396 321 -768 -429 1409 313 -6469 3372
-2398 -676 419 615 170 -212 -307 445 -2983 -2270
444 -652 1190 229 -759 -757 -4321 723 -2825 -11190
-3618 156 3401 489 -1450 -1604 -1188 -105 8148 2281
-1790 827 -4351 874 891 279 -3171 482 267 -2386
-1496 521 -6115 692 711 589 -5425 -465 5055 5882
-3605 -720 2311 -423 1373 413 -6806 -1248 793 3552
1264 -1363 -63 -171 -621 481 334 -1208 1408 2234
1574 -775 974 -1081 -720 16 -253 573 907 2278
460 400 3722 356 -1247 -442 -204 -1112 -6875 1907
-3605 347 -6673 560 375 1432 3748 -727 9505 2721
-3324 -175 -1979 28 751 454 2400 1086 211 6108
1867 1419 2371 165 129 1065 1312 -641 621 2379
1775 -1426 -2191 800 -1368 -1039 -1918 1206 5490 -3630
-6792 -1211 220 625 1006 564 1845 -1440 -1223 2944
-5267 899 65 862 1034 -852 4480 -1247 -6683 2226
-1123 1534 -589 -568 -1019 -588 -20 1083 -2220 2590
766 1213 6435 -611 -1558 -518 -4469 30 -973 -1654
90 569 398 879 -1194 -1243 -1032 -505 -1464 -1067
-2190 107 3402 -9 -547 236 2026 -497 4927 -6376
-329 -562 5075 -1380 924 1189 -2909 1002 -2792 -3509
-258 -1173 -2569 -1053 -1338 1384 493 -461 -2885 2746
-1248 -1329 276 819 -1232 -760 -488 1206 -84 -2140
-142 -1463 -2073 539 -424 -372 -912 -979 1233 383
-3594 -821 -2080 773 1578 215 -1313 -45 5723 -6854
-2580 -649 -190 -899 100 -1033 2598 -240 -515 -1972
3928 -261 2691 -1323 1122 -712 -4579 658 2964 811
-1180 479 813 695 1452 1440 -1330 -847 -1648 -1463
4057 453 -460 -799 1213 1117 -2238 -459 -5191 -1454
5720 -214 -3115 -876 1472 106 5700 -708 -5476 -4554
-784 -2555 -4595 -981 19 339 -1105 -1672 -747 -2129
-715 -1530 2471 -733 -1465 -4048 84 -855 2543 -2176
899 3244 -80 441 -1151 -10113 -619 1172 -490 5496
-310 -338 22 922 -214 5726 -1027 -750 -3860 -1257
1208 -5721 -1135 -1199 -266 5801 -36 1700 -8046 -393
375 -508 2814 784 -1116 -2061 890 1034 -3633 -4448
-138 -620 481 1134 -712 -1852 -660 -522 -878 692
-1385 -4611 -403 945 152 -2519 1065 346 1467 -1978
-679 1193 -4072 -103 833 4398 -1382 -620 -970 1458
228 -2613 -1715 302 -260 -1931 205 1308 364 1813
432 867 1193 -269 124 1899 591 1359 -227 -2847
1316 -1101 -9689 -419 231 4073 417 -724 -589 5593
1385 -1777 857 2296 382 1169 51 662 -1146 -3084
1144 -2810 3551 2293 -254 -7368 -574 481 -1246 -7428
731 -212 -2544 89 -1157 1309 1347 877 -1816 167
-448 -891 -1686 -315 -1288 -1774 -262 59 -1629 -733
-652 113 2127 -2352 -1080 -1508 116 492 -594 842
1197 802 1998 -1024 294 1115 1083 1465 -1298 1546
702 -2178 -296 26 1287 -4662 1080 -1576 1478 233
28 -1354 8 -581 1038 -1563 1245 -309 2972 1148
12 -559 -2019 235 285 749 351 -1687 3075 3524
-523 805 3500 1495 -2021 -841 242 -1737 -3847 2113
-534 -370 -1340 62 -895 -498 1175 -1181 -6 147
338 2067 1330 302 1681 -4650 -257 1601 -1725 1549
763 -14871 -2445 -287 1215 -2063 -112 -93 3789 3152
-851 -2990 3697 -1065 -49 -6886 -1507 703 -1744 -5482
829 187 2864 53 424 3500 1256 -783 1966 973
-610 -4901 -534 -1382 -439 -1282 -307 1114 -4490 -21364
413 1177 -601 -736 -468 -1870 1214 855 -1617 3417
-236 -843 -4352 -38 517 -1288 -123 1856 3056 3887
793 -997 77 1004 330 -1554 -1298 -714 -24 -509
-985 4897 -2409 -526 56 -1808 1228 -231 4631 -1446
1337 -744 3399 -595 -326 1859 79 -157 -1549 1486
-167 1502 3068 4 114 -3299 1317 935 -1353 -175
-884 6782 26 -344 -823 -3401 1158 -1240 -1631 946
-884 4536 -4026 -81 1214 3484 456 -1510 -7084 -695
-675 -1470 532 -287 -1932 -1166 1035 -769 -2607 385
-1503 -409 306 -218 425 -3117 -1511 149 -9226 -3262
432 407 5530 1742 249 -1159 -373 39 -3260 -752
-315 2880 -911 591 1759 2125 418 -845 1190 2305
-1006 -1994 -1106 -1470 1169 -2234 958 131 -842 -164
-679 97 -1713 -1313 354 -348 1467 582 -499 -1188
-777 -1250 -445 1381 785 567 593 -996 428 -1552
-201 -4865 -1035 1380 -40 -1753 -1171 392 2603 3716
-27 -343 -9960 324 84 1405 -829 -802 6264 194
-440 -1257 -5577 -1355 101 2833 -277 1171 456 3011
700 -1425 -773 1279 -842 375 -1116 -684 -3095 -1588
15 2439 6569 -285 351 5781 490 1586 2414 -444
-525 1092 -7377 -900 -964 2422 890 -813 3069 9209
221 -5054 5 -2341 1300 4019 -835 -1136 -10127 -839
1203 -1168 4703 -1028 907 1780 -1187 -268 2328 -185
-716 306 -5055 211 1523 -2013 -192 -358 1422 -1561
-393 -951 330 -558 626 -2382 -713 -1432 -624 -834
-158 -2912 2198 -724 703 -5145 751 818 4206 -1230
-481 4831 -2512 -841 1621 6782 -121 -385 -2234 786
-110 -2864 -2191 -1188 472 1902 1578 -1069 -6338 3939
303 2739 203 1599 1861 -1977 282 847 -2151 -841
110 -2378 -2535 -839 -1202 1233 -966 752 -251 1034
593 2014 1342 187 -8 -1092 765 718 5587 -1960
1068 -1555 -238 -231 -416 1281 -1324 -1120 -1282 -4090
-695 -762 1092 -737 -1993 -6388 1294 -390 -4192 -1230
-996 3041 1911 -382 -1050 -3222 -1208 393 -3645 301
-456 2811 -3921 -64 2675 2791 -1333 1162 -3819 538
363 -719 3912 -763 -916 1029 -1628 531 -6762 2489
-791 -8484 -5709 1177 -775 -8103 340 477 -6784 -1583
-178 -4917 -974 -831 -2316 810 -1575 -387 -1050 -2224
1021 -728 -5465 368 -111 1311 1430 469 -2675 244
-46 -6788 -6299 1370 1529 1694 790 24 3949 -1504
-521 3318 5130 -325 1064 -5218 1597 -337 -8904 1591
445 1458 -416 1466 289 -2388 -1042 -1109 -8833 -1687
1069 -1008 4563 -184 1849 -2225 15 -1406 -158 3225
343 8584 690 264 1210 -209 723 -228 -1749 -217
250 -1035 -1728 -761 953 737 -474 895 -1104 -1883
221 877 -749 835 789 3128 235 1536 -5590 -401
-193 -1792 3579 568 182 4900 -1363 -886 -3732 6120
1649 3623 2212 -556 196 -2318 125 -794 -1571 -3828
1286 -850 -2091 660 -105 240 -922 -1480 3 -1416
841 -6545 2847 -1118 1802 4438 935 -248 -3738 2944
-218 1792 -740 29 -331 -5961 109 286 -1323 1908
-1181 4321 -1250 1289 -1631 942 -296 1467 -1752 -153
1231 -1860 572 1327 1685 -1683 1061 1680 -908 629
1486 -1048 -1379 -1470 -352 -314 828 694 -891 268
1499 -327 -1092 173 -309 1434 1176 -849 -10683 -3346
765 -425 248 -2332 -262 -110 401 1091 -12516 -1232
-3253 -563 -133 -4 -553 333 -260 -1084 -1509 3857
-7045 -433 366 861 165 1413 -793 183 1719 39
1975 294 907 1140 128 807 3120 -2707 2400 -2094
-7555 -1024 -398 1460 -440 572 -3381 3486 -3468 -5382
2859 -1902 -767 -1181 177 -137 2975 -7370 3391 3414
1825 1342 -688 -572 637 -1068 1207 -3448 3656 -1231
-2172 -677 -554 -1440 599 -1270 687 -1084 -673 -1407
-2581 563 523 430 193 1078 -627 5672 2342 -3247
-2667 -498 1047 204 154 -398 3163 5661 1640 4673
-4496 -886 438 -19 -668 351 -2376 -8153 -12779 -232
-1019 -186 1802 633 -921 532 -3968 -2831 -8826 -2367
5 -866 -27 1429 584 1106 5359 -3373 1057 1853
1690 -1629 -622 -1613 1151 1080 590 -2201 2221 -11147
-5226 864 514 -311 1328 728 -8065 4386 1019 6129
-55 157 -612 -1224 -357 -620 -4358 3157 -2131 1197
-1132 248 -131 248 -883 -1070 -4287 96 2844 -2319
4595 1258 -1513 -1336 1319 -680 238 -9317 -1449 -4727
840 -1416 -1466 1216 274 135 -7012 -378 648 -2434
-5632 1173 477 785 757 735 3134 -1224 1364 3020
2112 937 -1101 -500 263 -47 -1269 6133 -5525 450
784 -905 -881 441 362 434 557 -305 -3832 3357
-4958 -367 1132 -1120 351 1015 423 3681 -7339 991
-739 -719 176 -737 837 449 -496 -1690 244 -1117
4123 -1734 398 530 -672 -22 8331 1532 -4956 4825
2183 -573 -182 403 1165 -346 986 2900 -2039 851
-3962 -1443 -399 1340 -1304 -1268 -921 -1425 -1339 -654
-7243 -382 1273 376 21 -965 -2278 5498 -4551 -1026
-2384 39 1401 943 -900 -353 6186 -1807 6482 430
-3178 -203 -709 1519 -829 -54 471 1273 2467 -152
6612 -405 -1013 -393 1256 -735 4089 3901 569 3750
-807 -533 -243 -1124 -123 -1419 -1514 301 -274 -1613
2619 518 1559 -480 -589 -1728 -5507 4295 -6726 2772
-4270 -577 -19 -1270 -787 -1376 1807 -509 -68 4536
1148 692 373 -1245 593 -1047 1886 -3072 -970 708
334 -578 561 164 -991 -122 -3823 1046 -2938 3078
-2442 1403 -42 1349 -255 -1210 2010 -2044 -8526 1052
2249 351 1121 236 163 1283 512 -940 1723 -4698
4613 -1076 527 832 -735 -1208 6470 3508 -1362 -1860
1677 40 -5 231 976 231 4449 -2359 -748 907
-9095 193 1845 -520 236 619 -219 501 -4643 147
198 365 -626 -1475 -70 -1292 9 -1905 614 -984
-1769 919 -309 -821 -965 365 -571 -513 298 -1590
-2111 -84 -72 824 -1409 897 -161 -1708 -621 -515
-5093 -1343 124 -290 -637 117 -2702 448 -7241 -1167
-1083 796 772 -1096 -787 -1106 2285 4815 5291 2652
-14110 1102 436 -256 -527 53 -1267 788 -4288 4015
1330 975 -917 1033 537 819 -3445 5422 1125 5885
2794 -859 -1130 -1335 1004 27 2310 -646 2008 -3627
-6098 -1465 -179 -692 -377 -1152 2070 -1757 -3161 1139
2394 319 -724 -1323 804 -437 -2488 1394 -2156 1665
1936 312 -388 -577 -40 -1413 2799 -4354 3628 -4578
-2703 155 -270 -1025 -1273 -1111 -349 -731 3018 3762
-1659 -360 -638 911 430 780 81 -1389 -1527 493
-2523 -453 -1742 638 -1629 -612 -430 -1331 261 1992
3302 -732 -842 -1369 -883 453 4222 -3055 -7364 -1611
5080 55 -617 -54 -170 648 -1665 -236 1873 1517
-4434 2074 1405 664 86 862 -554 5038 1392 413
1317 -1212 852 634 1373 1302 1524 -3199 6876 -7928
239 1889 60 -100 -1495 608 -8025 3171 4589 -4174
1209 -95 19 -773 371 111 -1629 -4909 4293 3830
-11603 -2386 -1545 492 -882 -1063 -9368 707 -8982 1645
343 -196 602 -173 986 -437 -1979 5817 -2693 -326
2176 698 -611 355 818 -929 2719 -1584 -377 -4274
-1371 1481 1871 1384 1072 -1335 1079 -910 -2716 665
-4113 -1290 -1598 -899 809 1357 -3298 2518 -1565 -1990
-5475 -1015 -607 423 845 -670 1562 -4435 4062 -3964
1360 1417 158 39 -718 78 1155 1145 459 2969
1401 -414 1224 25 694 -63 2254 -5754 2781 -4146
2009 672 -679 752 1736 345 -995 1486 138 4758
-5657 4 1107 941 797 1236 889 -2285 -2958 -3655
-297 1817 -635 1119 -1102 881 -5354 -1093 857 172
-718 191 -387 -1213 837 487 64 3399 -267 1447
-86 -1038 591 -862 -234 -940 -1097 -2051 74 -1306
-7009 704 1013 741 -473 968 3385 -5294 5493 -2250
1976 314 -323 391 1307 -327 -1424 564 1598 -2668
-2315 -520 -683 -1128 692 -775 -5857 2107 6664 -8235
235 920 -1189 -751 870 -261 -1699 -1554 772 -638
414 -224 -243 228 -1248 265 3404 1160 947 348
-5146 68 754 661 -984 -622 2683 -832 -1636 -652
-771 1894 1616 852 -945 144 585 3403 4147 -617
2242 600 -1344 -1340 -255 -984 -114 839 4169 -1838
-2031 1281 1008 489 273 1313 -844 -1110 -972 -1334
5493 -273 1534 943 -90 1653 -1657 1977 3806 2061
-1659 201 794 327 -15 -1134 1775 -1333 -9931 869
680 -5945 1542 1693 3134 -678 -2178 -1745 -467 781
229 -1328 5888 -5947 -734 -180 -2454 1000 -189 -1356
667 -4865 -6908 -9540 -6207 -248 -4034 1134 -201 79
1175 -572 3076 3886 -417 1097 -3533 1227 -79 -609
1671 2881 276 3500 1706 341 -605 1349 1539 1322
1636 -8328 4714 1138 3197 904 -2129 802 1802 -1422
790 -1167 -715 -735 -1685 -1243 -2068 -884 1322 687
-1720 -4716 2999 -6169 3335 -928 -3518 -1363 1147 -1292
76 1221 5075 -9732 1351 158 -1934 1189 -288 -23
544 -1409 -4243 2767 -5282 742 268 -237 -505 -1338
-871 2515 2347 1379 3550 1533 -1308 -836 -830 1164
811 -7740 2693 -9253 -4829 121 7641 62 -180 -94
1228 640 2897 3512 -5589 -916 -1401 818 -795 519
-375 -6020 -3756 1258 4770 -1071 -7861 714 601 1271
88 -7998 -6388 5857 -7652 -859 1420 841 245 -419
-1397 -2944 -5795 -4806 3844 4 -751 -789 -229 -1036
552 -836 1469 2524 267 -810 -237 -26 578 1114
1672 -3618 120 3155 3615 633 -6390 1691 366 573
-1233 3976 -3171 -4071 -4659 -357 -3991 345 -915 545
-765 6222 1261 812 -6688 -180 -2594 -566 -849 640
-628 -792 -1283 198 -8365 -864 1335 -681 -1472 -780
-1146 2427 -884 2322 224 48 5729 -166 -15 -998
208 -928 -1202 -1374 389 -77 -1552 -1223 1379 183
-27 -2342 -3123 4491 -4551 -783 1141 -1003 1110 42
-719 -5881 -3673 -4997 -6368 -1209 -402 1533 -1001 -1432
-1159 3340 3856 3691 3469 763 750 137 -798 -101
-1213 244 1072 -288 -8984 191 1093 1743 2064 822
-36 -1519 -2400 5017 721 -484 5578 -138 -1069 462
-1252 -495 -832 -2859 -4252 -1498 -1667 309 462 777
-645 4198 400 -2133 3186 -945 -5376 -848 1392 1093
-1071 -1242 -1362 97 -484 534 -141 1428 790 89
1537 1 -2440 -2127 2958 -162 -1539 -611 -1341 442
-1030 835 2089 -1158 -5002 1353 4419 1464 -345 614
629 -5880 -1384 966 3688 920 1100 735 616 -326
-470 -1450 -183 2202 1087 648 -1128 -854 1575 1002
-190 -4235 657 4573 612 826 28 -197 2210 -690
249 2046 1192 4301 -991 1042 -68 -632 75 -108
480 6 -2265 2722 474 1176 -2701 562 772 -931
111 1836 -633 -4140 1063 307 504 398 -502 1013
890 748 4043 4788 -3393 968 -4452 -1469 -268 -383
739 -359 -365 -3207 -1686 -1126 -1624 694 1443 321
466 -1600 65 -475 293 1488 -918 260 1074 327
22 -1668 914 -1319 -1833 204 -1100 -734 -538 -1452
1677 3266 4184 5106 -93 -424 -8142 -794 -56 -819
630 -2875 794 -593 -1537 433 -772 -996 34 1304
1384 3809 -352 3129 3337 490 2691 822 -1882 190
-47 2907 -5198 -1651 5374 -501 1604 -577 326 -1372
1396 6977 2243 -511 1353 -1571 6970 -533 81 -1145
1089 -752 234 3038 -3208 83 1726 572 -88 -564
-863 2700 -6306 4628 -418 -914 7673 1423 -665 279
-690 2159 -523 -86 -10011 -164 1411 1629 -1739 -478
1212 -4777 -2060 -6835 -7892 40 -2344 1157 -458 1251
-910 -2130 -212 59 576 -841 -697 -1442 1488 -237
1236 2746 -6748 515 -6429 121 7149 -26 -1631 -805
-1446 748 -3069 4478 -947 -1568 69 -169 234 -359
156 1506 -2595 -479 86 -206 10 159 1157 1033
1662 1134 2561 -290 8087 -150 -3573 514 248 833
-511 2738 887 563 -3241 -774 3380 1267 1222 -1072
1423 -4791 -1043 4447 367 592 -783 -1409 1673 -1534
1433 -4726 452 -54 -4519 -782 3388 127 1323 -932
-1412 -3501 -6148 1712 -5971 -182 -3048 -865 -702 -571
926 -3545 -1503 -579 2861 -843 -2045 296 118 1209
896 630 2908 2356 2454 -773 343 870 -623 10
1172 214 5945 349 4960 132 1697 -1216 843 274
-1332 663 -3994 988 2260 1114 3013 -524 -1449 1444
-955 2004 3880 -3294 1747 -332 -374 1112 -119 -1317
1011 -5342 -1695 -2588 -1570 1274 -4921 -986 -614 -650
1266 1856 2241 3275 2501 -178 25 216 925 1080
-503 -3926 -165 -1752 -778 151 -5125 -1138 -921 -292
-1596 428 882 1775 5288 -542 631 765 -305 531
554 5651 -1799 2554 1961 544 2997 -250 -925 369
1386 2709 3209 -6531 548 1232 -938 396 737 -1157
1217 630 -215 -486 -1337 -1505 -1863 1084 -1227 1160
-472 -2161 8226 -470 2756 791 -852 -919 312 1414
1508 2492 4031 1652 935 -583 -9636 25 674 1131
699 456 -7766 4316 -292 -265 -5219 -74 1697 -480
755 -373 -2502 262 -1771 1295 -1119 -681 201 221
930 -126 6475 -9840 -2126 235 1974 -787 702 663
-26 1926 3995 -7110 -774 1319 -2550 -1811 370 17
852 -1749 6095 -7475 2235 -831 2178 -170 1628 887
-857 1805 2548 3118 -828 612 -6090 984 1421 390
1330 -1871 -131 435 -483 290 -1280 -479 1258 1239
-413 798 3924 -6432 2092 -287 211 -639 -1226 1280
341 4250 3796 1270 347 1356 557 1306 -742 -613
1466 -333 -5422 -643 -1494 -75 -78 886 3145 466
-175 1124 1274 1264 159 -1203 1086 383 2057 134
-997 4617 3550 -399 819 204 538 3883 -2725 767
-478 -2115 1468 404 832 1251 -679 -4941 -2680 990
1261 -7732 1978 188 23 760 -743 1668 -1264 141
-338 5016 763 -756 1553 806 -104 -1987 -2863 -78
868 98 275 865 -830 -473 -356 -1192 1383 -120
-940 -1140 4868 -1639 752 -464 -639 -6884 2052 -664
678 3837 4295 1428 1129 649 1073 2807 -2649 -737
827 -9167 -1790 -1026 -1068 590 -1389 1802 1480 -223
243 303 1969 -378 470 1045 797 -70 -1436 195
-1560 -2432 1952 -238 166 660 1411 1397 -7997 -1471
548 2656 2414 1037 1114 -361 -641 -3001 660 -1301
-340 4284 -2876 516 -440 689 36 -3962 -310 -1691
383 1887 -6193 -835 1040 117 95 1402 -2844 -1413
-1353 -1186 6995 1588 248 -1629 -371 -4312 2736 273
-340 3960 -6481 664 984 -358 1120 2030 -2466 -1172
-1056 4597 2552 925 1653 -1033 -802 3427 769 941
-461 -6811 3329 492 -617 -981 749 1177 -3605 920
858 -2479 -1489 -1034 -67 488 -605 7449 -1740 635
-475 -5000 -6042 -542 -456 1582 390 2413 2536 -1173
-431 -984 -5894 695 574 -551 -932 495 1146 1327
-842 339 -1774 376 1478 451 214 246 640 -1081
211 -641 -8561 1515 -1460 -205 98 2916 439 755
825 -682 1897 -761 -1101 1398 108 903 -199 804
-1148 3623 -677 1420 -858 395 -899 2342 2766 -1438
254 4066 1813 461 823 -1156 -218 -2810 -4377 1176
-118 -3986 2060 -151 -1303 -849 -575 1372 -7891 -512
1098 -638 1169 -735 -345 715 18 1363 -4010 899
-737 376 -2646 -839 309 722 207 2899 2550 716
-464 -314 -1219 -1426 71 42 -724 -1504 -74 1177
-1042 907 -708 -299 261 1475 697 -6188 7906 -318
807 -1596 -5942 125 351 -192 62 2916 -5368 203
1324 614 111 -8 934 -1490 -1029 -10958 6110 -980
1142 -592 -624 -728 190 -499 -117 -564 7634 954
-628 5738 -1771 599 -1018 -51 1340 -24 -2666 1600
-1100 3428 4403 -755 285 342 384 -3107 5403 377
87 853 -2598 -491 342 -613 619 -1868 2595 -200
-1083 1855 -2671 786 -226 -976 -143 4364 -1294 -687
815 -934 -3484 1640 897 154 -802 3336 -124 276
-950 -359 -1854 -1373 530 -518 -223 380 1004 -1206
-1006 -124 46 -1475 -1194 -1290 -993 -1388 -1407 -854
-1188 556 -111 -672 -748 509 786 -709 -874 -741
-121 -1021 -2789 -297 168 -1037 -101 1022 2407 438
1307 2802 -6191 -1576 -1061 501 -824 3683 4682 -762
1149 -3716 -3972 -416 -921 635 -13 1453 -61 1391
568 -1808 5181 -1431 177 -832 -1140 -2850 -1397 845
-322 -7719 -1341 487 -1065 -814 105 -3109 132 -20
-966 -3465 -11199 941 -44 645 435 1685 -10721 684
271 -9859 3426 354 -966 275 -1014 -1634 122 290
-294 -2936 5635 -983 -881 623 -154 4587 2895 -270
-397 1344 -1053 560 -569 -1542 -106 2315 -1665 324
995 -719 -2366 980 -1035 1076 787 -1114 -43 -663
869 -778 1122 1092 1149 -271 1115 1830 4207 801
-334 -5117 -1226 -292 293 -1146 411 -1475 2678 809
1038 -1652 4391 -592 1262 -65 -958 -5211 -3863 -397
1231 5674 -8308 -1192 -116 -464 -846 4157 3877 1072
819 3013 -842 -463 -1549 -1222 699 4919 -993 -96
-860 -1319 -3137 458 905 -1511 -1328 3356 -3519 1013
806 -973 4935 -1812 -698 805 -1119 5564 295 -707
795 3115 -4649 999 -1053 1292 -681 1400 3871 993
-532 5260 -4741 -665 -699 -375 142 -4480 1640 -740
818 -1068 -37 -494 438 888 801 -511 5206 540
36 -5669 6138 -1515 493 229 -1063 -7660 3261 1009
249 1843 -166 868 835 -1236 -281 -2765 2471 -521
176 -1328 -309 578 -417 -1369 708 -3940 -310 -664
-60 5686 -2145 -399 -30 1437 -500 5557 2426 -105
633 534 -2173 676 1017 706 -1362 1461 -95 -65
1269 -473 348 306 1047 702 121 3615 -2401 -843
-116 -13234 -2938 128 718 -925 1185 -5018 1212 817
-85 -8290 2458 -1607 -358 -1104 1074 2509 1428 1227
546 3698 -1682 -1234 1252 -735 308 3363 -5492 880
1139 -427 -257 -925 1494 -1151 -365 -1158 -417 944
645 543 -4571 636 41 -230 643 317 2062 594
292 2878 -3249 880 1403 -1323 -1068 -2843 4514 -1345
-1244 -2656 595 905 -924 816 892 -1416 -4313 -1194
1335 528 -920 -1285 606 -553 -413 -1701 670 1422
335 -8637 -689 1342 554 774 -241 2733 -1852 -339
-1175 2879 150 1863 1069 -116 -233 -619 5805 796
-729 -604 3246 -1087 781 1094 -859 -1254 -1407 -176
-1560 1763 -1606 448 681 -848 768 4983 4239 -113
1192 1336 -156 -656 1043 -779 -616 484 -372 -1071
-88 -3491 4462 -926 1208 408 -1483 -5838 5836 1003
1299 5116 -1657 783 972 -895 -1315 808 1313 -779
0
705
0
0
344
2054
0
128
0
0
0
0
1114
1208
1109
0
0
0
0
0
96
0
0
0
0
0
0
0
0
0
0
0
0
120
0
0
1191
14
0
695
0
0
0
0
0
0
0
459
0
0
0
0
0
0
0
0
0
256
1666
0
0
328
978
175
0
0
0
0
1645
0
197
844
0
881
1513
1044
0
0
0
0
1223
0
0
0
