3 84 26 5 17 14 0
-128139 267809 865264 1110175 1831629 -111160 -812131 1318179 623403 -766715 -363014 1182722 -2336970 -591253 1402809 845809 -755165 -325072 -1008714 -1631194 830266 -67505 -725891 1713075 -1277516 -1360433
0 705 0 0 344 2054 0 128 0 0 0 0 1114 1208 1109 0 0 0 0 0 96 0 0 0 0 0 0 0 0 0 0 0 0 120 0 0 1191 14 0 695 0 0 0 0 0 0 0 459 0 0 0 0 0 0 0 0 0 256 1666 0 0 328 978 175 0 0 0 0 1645 0 197 844 0 881 1513 1044 0 0 0 0 1223 0 0 0
-2934 -2255 -4926 845 72
-5117 -5515 -3414 2144 -6055
4159 8517 -12265 -985 6186
-3012 4258 -283 -1534 -292
654 1009 -6236 -2222 300
1505 -4568 -8895 4726 -5099
-1283 -2065 2720 -294 -746
-7955 811 -57 4775 -2706
539 12 3588 -5855 234
2703 3669 966 -657 -9642
-6659 -4673 -14528 3418 -3654
-839 376 2442 2201 2501
5028 -14894 -1718 4312 5087
-1527 -2095 -2089 -3748 -228
3959 3191 -116 -5322 -1005
-3766 5047 -1348 -2631 -8936
-6107 701 -246 -2316 2696
441 -7703 -1910 3576 355
6544 2706 -6704 -1755 -969
309 3152 1076 1870 2773
1394 254 830 -484 -2332
-1334 -898 1862 -2698 -332
3085 1496 -7413 -349 -2342
-6543 -2394 -2533 -4905 -4395
-2145 227 3553 -7537 -4032
-8203 -8154 -27 -12694 -2267
-3543 147 -1764 380 -1439
-1929 -1793 -3718 8258 -12
-2651 -1563 -4318 160 -178
-6012 -268 450 -4240 -2746
-4648 -262 709 360 -2823
-4400 316 5109 4148 -4371
-7012 859 1089 -2842 -9243
-3109 -2077 -1357 -9745 1705
2992 -58 -1853 -1438 -7535
-704 -111 -5291 -1119 -8479
-13541 -1362 -1230 -1511 -7508
3588 1346 757 -2682 974
-6758 -329 -4527 -574 -10522
-2158 -1583 5550 978 3068
-4226 45 -2344 -2391 -535
-7412 -1306 837 3065 -3338
-3605 -98 978 -2648 -7417
8199 1324 504 311 -1460
-2890 1639 -921 -4663 -8668
911 -1755 2259 3096 -5596
-276 -1305 -9828 -8176 5038
-170 1327 -1450 -5303 -2478
-1646 -403 -3133 725 -3090
-11221 18 3721 7063 -11707
2148 -2105 2379 -365 -11906
-7370 -655 222 6593 -23610
604 -5530 -5659 -3102 -7481
2928 1788 -1010 3501 2880
-2837 -5543 -6139 -1393 -831
4218 8024 -4981 4777 -710
-1261 -5454 -498 -1297 840
4385 -4281 -5646 5654 5390
2301 -1981 -11133 -4939 -12324
-3699 -3162 367 -1313 3471
386 -4550 2561 2486 1429
3425 -2203 3609 4449 1059
-5457 -3356 -2974 -8 -3706
286 -3054 2815 2970 2160
-7284 65 953 -11115 -9032
141 -1390 -1736 -5199 -4471
2360 1712 -6071 -3127 841
-5223 2886 1850 -1199 -8808
6259 1915 -3965 -10330 -872
-1671 -391 -5327 -3387 190
1297 1319 972 -3667 -4368
2606 2996 1419 4739 -3737
782 -1768 6011 -8858 -3853
-1040 1653 1585 -4648 -8559
-12042 -2780 1556 -1476 -2218
3203 -4661 -10913 -3372 -4508
-1517 -4154 -1113 -6150 -11896
5195 -528 703 -5622 -3090
9905 -7545 -4179 2150 163
-10768 5701 1725 -4625 2606
1227 414 -5355 546 -2747
-11661 -5113 2762 -3036 -496
304 -267 -3044 1465 -2967
4128 -5539 -9805 5919 -6082
-1055 513 -1440 5435 1682
1472 2979 3522 -143 -1309
-3191 -4944 427 855 -4297
-4672 -2994 289 -1753 -1063
3242 650 2084 -5822 519
-3578 -4100 871 -2305 -2929
3193 20 -1456 -7938 -3763
-5276 2710 2863 -7082 -4459
-2783 -2717 -1246 -1819 -5985
2097 -5048 -7841 -682 -4073
169 -2247 1871 4478 2542
-2351 -115 -925 -2609 10592
-5617 4828 -1867 3723 1303
3714 1510 -1273 -5121 -7689
-1187 -620 -1997 -6371 1518
-2339 1151 190 -5053 -12927
-827 3071 -1392 -663 -6645
1358 640 5329 -6602 -1934
-298 5298 -4350 -1990 -539
-4250 -612 3056 878 -2162
1866 -7080 -1193 8506 -5364
-1300 5715 -282 -1630 -6272
-1273 -1598 24 1460 3768
3437 -1733 -791 1391 -4336
-7210 1087 5 1285 -839
-1832 2199 -1245 -6724 -8267
-3600 -1532 816 -392 -6798
2962 -2344 -954 -3867 -7756
2944 2952 -1258 3539 4250
2658 484 -1908 2196 -715
-3931 3369 -1680 -5730 -3633
2753 1489 368 -1849 1382
2559 -7822 -547 -8210 -9132
1787 -5688 -930 -4550 2302
-1390 -2422 -885 2243 -220
-557 2589 -856 -2615 1017
505 283 -633 -1988 -7216
-10550 3282 -1239 -2698 -1985
3197 -4703 -558 1408 -2873
-7507 -618 272 -2607 -2575
-852 -1585 128 34 2774
-4732 -563 -1245 8 9353
2690 -5560 -1804 -2031 -6893
153 3470 -952 -57 -1762
-4612 -912 155 -2411 -1848
1424 -2407 -219 1577 -10413
-5161 3682 -1195 978 2525
-13287 3998 351 4980 -4766
590 -3521 -1234 2475 -525
-8542 2167 1900 111 2776
-413 -4452 -4224 1632 -4345
-13557 -4648 -11032 -392 -8156
-11934 -2289 -8865 121 2164
-9636 2108 -3036 1489 -6363
-16241 497 1851 -1337 -3122
-8871 1362 -2711 -2219 -2643
613 82 -8266 -4316 -2713
-480 1502 -3902 -6068 -5112
-9597 -169 4670 6216 6969
-3701 1773 4691 -685 -6
-8034 -1609 2931 4205 -4740
-4669 -258 -2336 -8143 547
-6280 -10133 -9754 -897 3714
-4112 3058 -3699 -1355 -6295
-11721 1144 -237 -747 -4196
-4120 -2127 -7991 2327 1542
1431 -6064 1125 1606 3808
-5790 -6274 -1411 504 -472
-3270 -33 4730 -11819 926
-8509 -1865 -3014 -4948 2235
-13932 -1671 -13025 -447 2259
-6370 -276 -272 5538 1844
-2146 -5467 2422 -8328 -1714
624 -4616 187 -5022 -659
254 6168 1409 -8269 -2344
-501 -3301 1688 -6691 -9299
-416 11177 1907 -2179 -119
567 67 1499 1106 2182
755 -921 1305 -8993 2246
-1044 -4205 1134 -9568 -397
298 2485 1485 -7455 -2925
848 3790 -7088 1175 35
-86 4604 -5045 -4240 3888
-231 -2136 -221 -7931 -3633
-537 -2289 1238 1412 -5108
189 -1855 1003 -7545 -3219
245 1052 2891 -13530 -5377
449 -9885 -838 -4864 2867
-1828 -2943 1225 -7043 999
640 -4636 437 6344 1478
1435 570 -3660 -6477 4347
-1265 -4386 -3605 -4604 2688
163 -2816 -9559 -3700 -7532
719 -3865 -2298 3321 -4762
285 1581 -1447 -6191 -6189
342 -1430 -6679 2523 -2546
-1583 -640 -14800 591 1744
-2060 1336 -8229 -8693 -53
6029 -747 -2572 711 -4336
-714 -6576 -4307 -3254 7
4590 383 3846 -788 185
-5457 -4720 -581 -394 -4076
-2440 -3398 4575 1901 2552
-5361 -1436 264 0 -151
3025 -1867 -5917 2548 1880
1178 1772 -7529 -5334 2725
-699 2063 377 2075 1681
-11402 -4953 1900 1425 -4118
-4307 2321 3861 -5757 457
80 1969 116 1568 3842
-4226 3070 -4505 -6192 -5860
-546 5149 -5443 1520 -3333
-4546 -8444 305 2171 -6533
-6366 -3079 -1067 -5634 -8317
-3391 -4177 202 3061 -4793
-2244 -425 -3746 -2494 -3057
-4764 6309 839 -246 1385
-4037 -7517 2624 -3573 -575
2213 -1970 1176 4385 -9274
961 -2160 -3760 1250 2095
-2601 -680 1051 270 3770
-6089 1721 2358 -12056 -1535
931 -2855 -3352 -1804 -4455
-4812 -14050 1601 -6716 4962
-2148 -544 -1638 -3921 3282
-4277 -358 -1311 -5034 1588
-2849 595 -1740 1191 -896
-1347 -604 -1468 9363 -403
-2452 -1899 439 2067 -2914
-3081 1118 -688 -263 633
-860 -908 385 -610 3663
-705 1158 547 1989 -1641
-2718 -1868 -785 3194 -8670
-700 -1239 -2096 -3527 3863
-1922 883 314 -4706 -10979
520 1519 -1296 1796 -5012
-1213 1071 -790 -5050 -5154
-229 -1602 -1861 -1672 -3426
-610 150 1142 -5845 2527
-15 -970 781 3403 -4014
-1668 -1668 1285 3188 1347
-1257 -1283 -62 -3688 -8412
-2964 -1619 423 2457 2323
-2252 -677 -517 -1800 -3379
-367 94 639 -6409 3927
942 28 -476 -2992 198
74 144 784 -3376 -3470
-2235 -1579 -574 -828 -5504
-2995 -392 -563 2444 3580
-707 611 -1451 -7684 -2353
-3354 -2762 -649 -1326 -3948
-3387 -1150 1004 4937 -6475
-1897 -667 793 1548 -10504
-1633 -2757 51 2051 -3848
2003 -4644 1239 2327 3493
-6119 205 -7467 -3937 -3767
9186 -3349 -3920 -695 910
-8340 -922 1821 -9153 -6873
90 4628 -4353 -5768 -2996
-180 5242 -6904 -5506 2478
-8657 61 5047 -636 3242
-1676 -9804 -3451 2711 -10195
-1431 -2826 2499 -4607 7530
-5108 -2565 2982 -5181 -5741
-349 -6167 -2450 3523 -30
-4233 -3268 -198 4855 -8646
4953 -4533 -1179 2395 -2686
-7076 -3867 762 -5051 -3184
-6693 -2983 -3392 -500 -2511
-4009 6527 -6900 6333 -8801
-3204 4812 537 -1911 -32
-1733 -4523 2096 -7151 538
2538 125 6156 157 -5035
1631 -3136 2185 -4721 -7837
-6019 -4451 -1034 1472 4029
-3706 -5605 -5496 -5097 -4097
2547 716 -1278 -1648 137
-1609 2051 -2549 -3321 1440
-779 -809 -1372 -11982 -1299
-1254 -2549 -2407 690 -5694
1763 -3819 -1222 -11325 1725
-7184 1727 -430 -527 -5305
-868 2016 -2784 32 4752
3293 -5830 -4476 2388 -5080
-4030 -2115 -676 -1919 -6458
-4432 5340 -1226 -427 -5490
-8412 -8812 -1145 -11006 105
-10193 -37 -3505 -1536 399
1352 159 -898 3119 3419
3850 -1024 -2601 2505 -44
2764 1595 -488 -422 -7458
662 2976 -1629 707 -1778
1459 2289 -2227 5861 -2645
-3621 -149 -1711 2020 3238
-3346 4891 -2358 45 -190
-3581 -437 -1700 -1585 -7267
1761 -6220 -1956 -2630 3579
-789 -5537 -2968 64 -2625
6289 -12387 265 4414 2459
-5934 2955 -2268 584 2741
1195 -7089 -1212 -1987 1422
-8386 -3 824 -4081 4991
-3695 4455 1816 -6879 2094
-1279 -5767 3363 -4738 -4084
-11333 2934 -9572 -4376 -2514
-4604 -890 3068 420 4692
-4378 -3989 -2525 -116 -1976
251 -4519 -7681 1061 3756
1601 6640 3013 4290 -2548
-4081 9460 3849 -8118 -1847
-3955 1737 -3628 1278 3619
-5563 796 1345 1106 2212
737 -5741 -6431 -4557 -10462
-5022 2265 -3254 3659 3012
2975 2842 793 -12807 -4960
1965 -3426 1995 -5943 -567
-5340 -2968 -4 -1159 -1144
284 -1362 1715 -3890 4729
-1292 2123 105 -747 -5248
4195 -2591 473 -4114 -4292
3660 -2367 3095 -996 -6214
377 177 -6873 -3768 1449
-1372 -6106 -2270 2937 -671
616 -7332 -1836 4548 -2564
631 -1204 -1272 -3715 -250
6090 -3557 -926 1704 -5803
-552 5656 2547 5678 -1967
-456 1877 3541 1183 -5319
-3417 -5314 -2636 -1473 -6436
10255 -744 -660 -7632 -2647
-681 372 -1256 -7306 -8569
-1112 -8916 -1694 -1847 8
1099 658 310 -10687 3208
-5503 -205 856 4536 2338
-4770 -2735 -2604 -669 -1042
-692 1488 -3455 -5240 -6747
-1531 3047 -2898 -687 -3291
-823 1406 3639 3031 -1727
-129 -3900 3307 -2187 3548
-7057 3605 -1738 -2368 -13560
6092 -23546 -6513 -1080 -7457
5763 -12525 2738 -3664 868
-988 -5648 -2688 -3895 -5844
-6892 -159 -9007 3473 -1265
-13428 324 -5394 2636 -13450
2308 -1686 -257 1603 -822
-1263 -1607 5751 -2191 3630
3047 469 -2421 576 912
-4828 -5593 4509 -6118 345
-3380 -10284 4935 4787 1432
-3351 -2075 1107 4494 5491
-13269 5213 7486 -1959 -12548
-12234 1408 861 1186 -3885
-8105 955 -4819 -3697 -9004
89 907 -1297 -2764 4647
642 -700 -8678 -500 -5950
-1128 5072 -5749 -7517 -6695
5244 -2232 -3409 -3751 2858
5495 -1671 -1083 -2389 1114
3552 1673 -10227 -3796 -579
-2895 1149 -762 2678 -1949
-9353 -391 -2443 633 -4286
-2952 -2550 -2539 2005 -1938
-6954 -25 -8399 -2324 5580
332 4000 -6718 -5421 2011
-5185 -2852 -5492 2032 -4740
-10718 -3406 -1768 -12627 -772
-739 1909 -3933 2334 -4118
-213 3619 -1987 -2031 3410
2042 3316 -7531 -2636 2899
-3093 -1459 -2192 7520 76
333 2651 -10532 -5154 1701
2289 1561 -4113 -6584 -7807
162 842 3893 4822 3780
-2310 -5177 3709 -3095 -2949
-5189 -6029 -3489 409 3511
-10180 -9752 -67 -2574 -3358
4599 -1109 -10158 -1148 2312
-1384 -4400 1826 -859 3625
-7989 -175 -10989 2637 -408
-2927 3509 1104 -7566 -5365
-242 -5920 -36 -4639 -2997
-3105 -132 1077 3500 412
-4705 1819 -961 -575 191
-4731 -1149 -1344 -65 -97
1251 -6704 -966 4798 -5601
810 -5177 364 -7183 -4890
3371 1068 -820 -6180 -6628
-1927 2284 697 439 4786
1027 -5309 -817 -3806 -8715
2888 1330 -1487 4981 -2878
1962 1172 -898 1394 3929
172 -5920 650 -2185 -3433
-2764 1578 -1166 -1507 324
-2297 4111 899 226 1681
-1421 -2857 415 3172 4518
2826 -4185 -372 -900 -2899
-3960 3277 -902 5301 -3652
-2953 -2018 -1625 -9894 -1884
-119 -1260 -837 1722 -10221
935 2605 339 -365 -1869
-410 196 819 3006 2232
4545 -8060 375 -8262 -3581
1501 -878 506 1490 -6146
4210 -2665 961 -5463 -1748
2306 1383 -1916 217 -12573
-714 222 -565 2073 -91
-595 -1047 -2999 -4031 3832
-1072 -3980 1531 -4349 -3340
6979 -1037 -91 -988 -113
-3800 -817 520 996 1433
1564 -3570 -1745 2166 343
-2613 -366 -170 -747 1032
1940 -1728 -5486 -12602 4926
-2700 -1331 -1524 -3481 -1727
-1534 -2075 -6833 6883 -709
-1266 -2715 -2119 -116 -6933
-168 -1656 -1872 -982 -1300
3935 -1318 1577 6391 -4074
-2437 -509 2523 1764 -7184
-196 -864 2147 1522 2257
-1706 -820 2420 -11133 3056
-3996 -3885 3660 -4196 -1509
-4062 -3096 2444 -503 -2002
-2102 316 1947 2736 -6076
6075 839 -9412 1322 -4444
2775 -2944 -2962 1166 3519
-5621 -1750 -2333 843 1665
-8320 -481 2301 2377 -6274
2358 -1562 -5940 -3194 -1950
4553 -2716 -3030 647 929
-1437 -580 2372 1914 4065
-4255 674 1356 -4545 0
-1597 -1968 -9473 -2927 0
-1507 -282 -714 -595 0
-2437 -948 -844 -4855 0
-5429 1274 4643 5124 0
-3698 -1214 1166 -837 0
-670 1471 -237 -4920 0
1753 594 2872 -242 0
614 -1798 -10121 -598 0
-1531 194 -5770 -12708 0
5910 889 -988 -806 0
1497 843 -11219 1084 0
2666 414 4114 -2932 0
2136 1445 -1215 6349 0
-1269 -1070 3545 -7915 0
-5174 767 4872 325 0
-6759 1155 -2473 -2432 0
-3443 68 1284 2463 0
-6071 -58 1163 -5824 0
-1186 604 856 -83 0
1124 -1069 -270 -3020 0
795 -163 -3996 -3775 0
-3167 1573 4601 -5279 0
1658 -1551 -7757 -4063 0
3001 -984 3020 -4294 0
6092 -346 -9628 5419 0
-4338
-2339
-1894
-1382
-1796
-1810
-4014
-1471
1510
-1583
-2728
2412
-6576
-1359
-2392
-3231
-2946
-1476
-2299
-1175
-898
-224
-2644
-2288
-1055
-3553
