1 676 6 1 3 15
-2882534 78672288 1938411 11869630 -2559123 -5621902
4056
0 0 0
0 0 0
0 0 0
0 0 0
0 0 0
0 0 0
0 0 0
0 0 0
0 0 0
0 0 0
0 0 0
0 0 0
0 0 0
0 0 0
0 0 0
0 0 0
0 0 0
0 0 0
0 0 0
0 0 0
0 0 0
0 0 0
0 0 0
0 0 0
0 0 0
0 0 0
0 0 0
0 0 0
0 0 0
0 0 0
0 0 0
0 0 0
0 0 0
0 0 0
0 0 0
0 0 0
0 0 0
0 0 0
0 0 0
0 0 0
0 0 0
0 0 0
0 0 0
0 0 0
0 0 0
0 0 0
0 0 0
0 0 0
0 0 0
0 0 0
0 0 0
0 0 0
0 0 0
0 0 0
0 0 0
0 0 0
0 0 0
0 0 0
0 0 0
0 0 0
0 0 0
0 0 0
0 0 0
0 0 0
0 0 0
0 0 0
0 0 0
0 0 0
0 0 0
0 0 0
0 0 0
0 0 0
0 0 0
0 0 0
0 0 0
0 0 0
0 0 0
0 0 0
0 0 0
0 0 0
0 0 0
0 0 0
0 0 0
0 0 0
0 0 0
0 0 0
0 0 0
0 0 0
0 0 0
0 0 0
0 0 0
0 0 0
0 0 0
0 0 0
0 0 0
0 0 0
-2801952 0 0
-9212535 0 0
104328 0 0
12107637 0 0
-15250518 0 0
12556620 0 0
-12463972 0 0
-40752018 0 0
7251999 0 0
28266471 0 0
-5131443 0 0
25996826 0 0
-45218019 0 0
-60128278 0 0
20045767 0 0
24925087 0 0
31431916 0 0
2895619 0 0
-52128060 0 0
-31986008 0 0
14149148 0 0
19934908 0 0
-5917792 0 0
-7274020 0 0
0 0 0
0 0 0
0 0 0
0 0 0
0 0 0
0 0 0
0 0 0
0 0 0
0 0 0
0 0 0
0 0 0
0 0 0
0 0 0
0 0 0
0 0 0
0 0 0
0 0 0
0 0 0
0 0 0
0 0 0
0 0 0
0 0 0
0 0 0
0 0 0
0 0 0
0 0 0
0 0 0
0 0 0
0 0 0
0 0 0
0 0 0
0 0 0
0 0 0
0 0 0
0 0 0
0 0 0
0 0 0
0 0 0
0 0 0
0 0 0
0 0 0
0 0 0
0 0 0
0 0 0
0 0 0
0 0 0
0 0 0
0 0 0
0 0 0
0 0 0
0 0 0
0 0 0
0 0 0
0 0 0
0 0 0
0 0 0
0 0 0
0 0 0
0 0 0
0 0 0
0 0 0
0 0 0
0 0 0
0 0 0
0 0 0
0 0 0
0 0 0
0 0 0
0 0 0
0 0 0
0 0 0
0 0 0
0 0 0
0 0 0
0 0 0
0 0 0
0 0 0
0 0 0
0 0 0
0 0 0
0 0 0
0 0 0
0 0 0
0 0 0
0 0 0
0 0 0
0 0 0
0 0 0
0 0 0
0 0 0
0 0 0
0 0 0
0 0 0
0 0 0
0 0 0
0 0 0
0 0 0
0 0 0
0 0 0
0 0 0
0 0 0
0 0 0
0 0 0
0 0 0
0 0 0
0 0 0
0 0 0
0 0 0
0 0 0
0 0 0
0 0 0
0 0 0
0 0 0
0 0 0
0 0 0
0 0 0
0 0 0
0 0 0
0 0 0
0 0 0
0 0 0
0 0 0
0 0 0
0 0 0
0 0 0
0 0 0
-386528 0 0
-1270865 0 0
14392 0 0
1670243 0 0
-2103802 0 0
1732180 0 0
8351379 0 0
-62891096 0 0
2114166 0 0
51270241 0 0
-54590601 0 0
66839972 0 0
-22359351 0 0
-171296461 0 0
29185820 0 0
84744593 0 0
42562135 0 0
85767145 0 0
-183273570 0 0
-163385100 0 0
64324620 0 0
87236320 0 0
89275557 0 0
-23710982 0 0
-142466059 0 0
-69732054 0 0
44996847 0 0
57508087 0 0
-17378056 0 0
-35751685 0 0
0 0 0
0 0 0
0 0 0
0 0 0
0 0 0
0 0 0
0 0 0
0 0 0
0 0 0
0 0 0
0 0 0
0 0 0
0 0 0
0 0 0
0 0 0
0 0 0
0 0 0
0 0 0
0 0 0
0 0 0
0 0 0
0 0 0
0 0 0
0 0 0
0 0 0
0 0 0
0 0 0
0 0 0
0 0 0
0 0 0
0 0 0
0 0 0
0 0 0
0 0 0
0 0 0
0 0 0
0 0 0
0 0 0
0 0 0
0 0 0
0 0 0
0 0 0
0 0 0
0 0 0
0 0 0
0 0 0
0 0 0
0 0 0
0 0 0
0 0 0
0 0 0
0 0 0
0 0 0
0 0 0
0 0 0
0 0 0
0 0 0
0 0 0
0 0 0
0 0 0
0 0 0
0 0 0
0 0 0
0 0 0
0 0 0
0 0 0
0 0 0
0 0 0
0 0 0
0 0 0
0 0 0
0 0 0
0 0 0
0 0 0
0 0 0
0 0 0
0 0 0
0 0 0
0 0 0
0 0 0
0 0 0
0 0 0
0 0 0
0 0 0
0 0 0
0 0 0
0 0 0
0 0 0
0 0 0
0 0 0
0 0 0
0 0 0
0 0 0
0 0 0
0 0 0
0 0 0
0 0 0
0 0 0
0 0 0
0 0 0
0 0 0
0 0 0
0 0 0
0 0 0
0 0 0
0 0 0
0 0 0
0 0 0
0 0 0
0 0 0
0 0 0
0 0 0
0 0 0
0 0 0
0 0 0
0 0 0
0 0 0
0 0 0
0 0 0
0 0 0
0 0 0
0 0 0
0 0 0
0 0 0
0 0 0
0 0 0
2056633 0 0
-5765394 0 0
129771 0 0
3710676 0 0
-3872100 0 0
5806258 0 0
78453451 0 0
-128212464 0 0
19770961 0 0
45360729 0 0
-37115151 0 0
131130093 0 0
26749776 0 0
-186871009 0 0
54060600 0 0
58045751 0 0
103130605 0 0
117097980 0 0
-196536674 0 0
-104460380 0 0
89180030 0 0
79131364 0 0
100855827 0 0
-100653466 0 0
-136054979 0 0
-39692528 0 0
65873886 0 0
56235518 0 0
-36129152 0 0
-93084715 0 0
0 0 0
0 0 0
0 0 0
0 0 0
0 0 0
0 0 0
0 0 0
0 0 0
0 0 0
0 0 0
0 0 0
0 0 0
0 0 0
0 0 0
0 0 0
0 0 0
0 0 0
0 0 0
0 0 0
0 0 0
0 0 0
0 0 0
0 0 0
0 0 0
0 0 0
0 0 0
0 0 0
0 0 0
0 0 0
0 0 0
0 0 0
0 0 0
0 0 0
0 0 0
0 0 0
0 0 0
0 0 0
0 0 0
0 0 0
0 0 0
0 0 0
0 0 0
0 0 0
0 0 0
0 0 0
0 0 0
0 0 0
0 0 0
0 0 0
0 0 0
0 0 0
0 0 0
0 0 0
0 0 0
0 0 0
0 0 0
0 0 0
0 0 0
0 0 0
0 0 0
0 0 0
0 0 0
0 0 0
0 0 0
0 0 0
0 0 0
0 0 0
0 0 0
0 0 0
0 0 0
0 0 0
0 0 0
0 0 0
0 0 0
0 0 0
0 0 0
0 0 0
0 0 0
0 0 0
0 0 0
0 0 0
0 0 0
0 0 0
0 0 0
0 0 0
0 0 0
0 0 0
0 0 0
0 0 0
0 0 0
0 0 0
0 0 0
0 0 0
0 0 0
0 0 0
0 0 0
0 0 0
0 0 0
0 0 0
0 0 0
0 0 0
0 0 0
0 0 0
0 0 0
0 0 0
0 0 0
0 0 0
0 0 0
0 0 0
0 0 0
0 0 0
0 0 0
0 0 0
0 0 0
0 0 0
0 0 0
0 0 0
0 0 0
0 0 0
0 0 0
0 0 0
0 0 0
0 0 0
0 0 0
0 0 0
0 0 0
4217691 0 0
-16032975 0 0
2359900 0 0
12366793 0 0
-15884188 0 0
20991087 0 0
98456221 0 0
-147262772 0 0
72836449 0 0
37013700 0 0
-46573966 0 0
213376090 0 0
53550053 0 0
-185860550 0 0
126344820 0 0
10518173 0 0
144790977 0 0
148459030 0 0
-169948721 0 0
-81592856 0 0
131911253 0 0
45324426 0 0
62483244 0 0
-176326912 0 0
-96538202 0 0
-17677336 0 0
75219645 0 0
35574191 0 0
-59313629 0 0
-140266500 0 0
0 0 0
0 0 0
0 0 0
0 0 0
0 0 0
0 0 0
0 0 0
0 0 0
0 0 0
0 0 0
0 0 0
0 0 0
0 0 0
0 0 0
0 0 0
0 0 0
0 0 0
0 0 0
0 0 0
0 0 0
0 0 0
0 0 0
0 0 0
0 0 0
0 0 0
0 0 0
0 0 0
0 0 0
0 0 0
0 0 0
0 0 0
0 0 0
0 0 0
0 0 0
0 0 0
0 0 0
0 0 0
0 0 0
0 0 0
0 0 0
0 0 0
0 0 0
0 0 0
0 0 0
0 0 0
0 0 0
0 0 0
0 0 0
0 0 0
0 0 0
0 0 0
0 0 0
0 0 0
0 0 0
0 0 0
0 0 0
0 0 0
0 0 0
0 0 0
0 0 0
0 0 0
0 0 0
0 0 0
0 0 0
0 0 0
0 0 0
0 0 0
0 0 0
0 0 0
0 0 0
0 0 0
0 0 0
0 0 0
0 0 0
0 0 0
0 0 0
0 0 0
0 0 0
0 0 0
0 0 0
0 0 0
0 0 0
0 0 0
0 0 0
0 0 0
0 0 0
0 0 0
0 0 0
0 0 0
0 0 0
0 0 0
0 0 0
0 0 0
0 0 0
0 0 0
0 0 0
0 0 0
0 0 0
0 0 0
0 0 0
0 0 0
0 0 0
0 0 0
0 0 0
0 0 0
0 0 0
0 0 0
0 0 0
0 0 0
0 0 0
0 0 0
0 0 0
0 0 0
0 0 0
0 0 0
0 0 0
0 0 0
0 0 0
0 0 0
0 0 0
-676800 0 0
-2225250 0 0
25200 0 0
2924550 0 0
-3683700 0 0
3033000 0 0
15633307 0 0
-58179336 0 0
7416385 0 0
37693300 0 0
-38095198 0 0
63279700 0 0
117322474 0 0
-246532098 0 0
96822399 0 0
59920101 0 0
4091887 0 0
265130220 0 0
-28989455 0 0
-223830768 0 0
151995675 0 0
40404057 0 0
180307882 0 0
115181299 0 0
-211499227 0 0
-82824240 0 0
155450184 0 0
63977721 0 0
52837325 0 0
-214246724 0 0
-97861226 0 0
-17387790 0 0
76239322 0 0
36202588 0 0
-59894185 0 0
-142138110 0 0
0 0 0
0 0 0
0 0 0
0 0 0
0 0 0
0 0 0
0 0 0
0 0 0
0 0 0
0 0 0
0 0 0
0 0 0
0 0 0
0 0 0
0 0 0
0 0 0
0 0 0
0 0 0
0 0 0
0 0 0
0 0 0
0 0 0
0 0 0
0 0 0
0 0 0
0 0 0
0 0 0
0 0 0
0 0 0
0 0 0
0 0 0
0 0 0
0 0 0
0 0 0
0 0 0
0 0 0
0 0 0
0 0 0
0 0 0
0 0 0
0 0 0
0 0 0
0 0 0
0 0 0
0 0 0
0 0 0
0 0 0
0 0 0
0 0 0
0 0 0
0 0 0
0 0 0
0 0 0
0 0 0
0 0 0
0 0 0
0 0 0
0 0 0
0 0 0
0 0 0
0 0 0
0 0 0
0 0 0
0 0 0
0 0 0
0 0 0
0 0 0
0 0 0
0 0 0
0 0 0
0 0 0
0 0 0
0 0 0
0 0 0
0 0 0
0 0 0
0 0 0
0 0 0
0 0 0
0 0 0
0 0 0
0 0 0
0 0 0
0 0 0
0 0 0
0 0 0
0 0 0
0 0 0
0 0 0
0 0 0
0 0 0
0 0 0
0 0 0
0 0 0
0 0 0
0 0 0
0 0 0
0 0 0
0 0 0
0 0 0
0 0 0
0 0 0
0 0 0
0 0 0
0 0 0
0 0 0
0 0 0
0 0 0
0 0 0
0 0 0
0 0 0
0 0 0
0 0 0
0 0 0
0 0 0
0 0 0
0 0 0
0 0 0
0 0 0
0 0 0
1548242 0 0
-16844665 0 0
303662 0 0
15368023 0 0
-17953322 0 0
19366280 0 0
44787449 0 0
-156353526 0 0
28420941 0 0
84074511 0 0
-63043161 0 0
159158517 0 0
84066796 0 0
-344761433 0 0
164888863 0 0
74736125 0 0
104179701 0 0
311633185 0 0
-129690258 0 0
-260067036 0 0
213407697 0 0
65438689 0 0
178038506 0 0
53609898 0 0
-201903159 0 0
-67267662 0 0
174934257 0 0
56553045 0 0
29212530 0 0
-269110005 0 0
-96376608 0 0
-16203840 0 0
76786816 0 0
35470400 0 0
-60881120 0 0
-144411040 0 0
0 0 0
0 0 0
0 0 0
0 0 0
0 0 0
0 0 0
0 0 0
0 0 0
0 0 0
0 0 0
0 0 0
0 0 0
0 0 0
0 0 0
0 0 0
0 0 0
0 0 0
0 0 0
0 0 0
0 0 0
0 0 0
0 0 0
0 0 0
0 0 0
0 0 0
0 0 0
0 0 0
0 0 0
0 0 0
0 0 0
0 0 0
0 0 0
0 0 0
0 0 0
0 0 0
0 0 0
0 0 0
0 0 0
0 0 0
0 0 0
0 0 0
0 0 0
0 0 0
0 0 0
0 0 0
0 0 0
0 0 0
0 0 0
0 0 0
0 0 0
0 0 0
0 0 0
0 0 0
0 0 0
0 0 0
0 0 0
0 0 0
0 0 0
0 0 0
0 0 0
0 0 0
0 0 0
0 0 0
0 0 0
0 0 0
0 0 0
0 0 0
0 0 0
0 0 0
0 0 0
0 0 0
0 0 0
0 0 0
0 0 0
0 0 0
0 0 0
0 0 0
0 0 0
0 0 0
0 0 0
0 0 0
0 0 0
0 0 0
0 0 0
0 0 0
0 0 0
0 0 0
0 0 0
0 0 0
0 0 0
0 0 0
0 0 0
0 0 0
0 0 0
0 0 0
0 0 0
0 0 0
0 0 0
0 0 0
0 0 0
0 0 0
0 0 0
0 0 0
0 0 0
0 0 0
0 0 0
0 0 0
0 0 0
0 0 0
0 0 0
0 0 0
0 0 0
0 0 0
0 0 0
0 0 0
0 0 0
0 0 0
0 0 0
0 0 0
0 0 0
23750387 0 0
-40799289 0 0
4618695 0 0
17843817 0 0
-18755334 0 0
43202348 0 0
138397042 0 0
-225599794 0 0
63394162 0 0
59776066 0 0
-18744170 0 0
242685578 0 0
93819680 0 0
-296548831 0 0
187606477 0 0
44497179 0 0
152320978 0 0
282879291 0 0
-120453360 0 0
-200436866 0 0
249461114 0 0
55879656 0 0
158258642 0 0
-36723562 0 0
-189312567 0 0
-52902188 0 0
182629682 0 0
50521750 0 0
18798398 0 0
-295528615 0 0
-95790240 0 0
-15879360 0 0
76899840 0 0
35169600 0 0
-61191840 0 0
-145044000 0 0
0 0 0
0 0 0
0 0 0
0 0 0
0 0 0
0 0 0
0 0 0
0 0 0
0 0 0
0 0 0
0 0 0
0 0 0
0 0 0
0 0 0
0 0 0
0 0 0
0 0 0
0 0 0
0 0 0
0 0 0
0 0 0
0 0 0
0 0 0
0 0 0
0 0 0
0 0 0
0 0 0
0 0 0
0 0 0
0 0 0
0 0 0
0 0 0
0 0 0
0 0 0
0 0 0
0 0 0
0 0 0
0 0 0
0 0 0
0 0 0
0 0 0
0 0 0
0 0 0
0 0 0
0 0 0
0 0 0
0 0 0
0 0 0
0 0 0
0 0 0
0 0 0
0 0 0
0 0 0
0 0 0
0 0 0
0 0 0
0 0 0
0 0 0
0 0 0
0 0 0
0 0 0
0 0 0
0 0 0
0 0 0
0 0 0
0 0 0
0 0 0
0 0 0
0 0 0
0 0 0
0 0 0
0 0 0
0 0 0
0 0 0
0 0 0
0 0 0
0 0 0
0 0 0
0 0 0
0 0 0
0 0 0
0 0 0
0 0 0
0 0 0
0 0 0
0 0 0
0 0 0
0 0 0
0 0 0
0 0 0
0 0 0
0 0 0
0 0 0
0 0 0
0 0 0
0 0 0
0 0 0
0 0 0
0 0 0
0 0 0
0 0 0
0 0 0
0 0 0
0 0 0
0 0 0
0 0 0
0 0 0
0 0 0
0 0 0
0 0 0
0 0 0
0 0 0
0 0 0
0 0 0
-96256 0 0
-316480 0 0
3584 0 0
415936 0 0
-523904 0 0
431360 0 0
33189750 0 0
-66459478 0 0
20613725 0 0
37126360 0 0
-55019954 0 0
98134753 0 0
160432849 0 0
-247323798 0 0
145268915 0 0
25158372 0 0
30296422 0 0
321030108 0 0
96244910 0 0
-290419772 0 0
247785260 0 0
8945047 0 0
147449883 0 0
254120331 0 0
-64922885 0 0
-165476048 0 0
273834189 0 0
20494074 0 0
116691478 0 0
-119653052 0 0
-176178352 0 0
-44882228 0 0
184368867 0 0
43805637 0 0
11979251 0 0
-308242430 0 0
-94736224 0 0
-15224896 0 0
76616384 0 0
34767872 0 0
-61072544 0 0
-144903520 0 0
0 0 0
0 0 0
0 0 0
0 0 0
0 0 0
0 0 0
0 0 0
0 0 0
0 0 0
0 0 0
0 0 0
0 0 0
0 0 0
0 0 0
0 0 0
0 0 0
0 0 0
0 0 0
0 0 0
0 0 0
0 0 0
0 0 0
0 0 0
0 0 0
0 0 0
0 0 0
0 0 0
0 0 0
0 0 0
0 0 0
0 0 0
0 0 0
0 0 0
0 0 0
0 0 0
0 0 0
0 0 0
0 0 0
0 0 0
0 0 0
0 0 0
0 0 0
0 0 0
0 0 0
0 0 0
0 0 0
0 0 0
0 0 0
0 0 0
0 0 0
0 0 0
0 0 0
0 0 0
0 0 0
0 0 0
0 0 0
0 0 0
0 0 0
0 0 0
0 0 0
0 0 0
0 0 0
0 0 0
0 0 0
0 0 0
0 0 0
0 0 0
0 0 0
0 0 0
0 0 0
0 0 0
0 0 0
0 0 0
0 0 0
0 0 0
0 0 0
0 0 0
0 0 0
0 0 0
0 0 0
0 0 0
0 0 0
0 0 0
0 0 0
0 0 0
0 0 0
0 0 0
0 0 0
0 0 0
0 0 0
0 0 0
0 0 0
0 0 0
0 0 0
0 0 0
0 0 0
0 0 0
0 0 0
0 0 0
0 0 0
0 0 0
0 0 0
0 0 0
0 0 0
0 0 0
0 0 0
0 0 0
0 0 0
0 0 0
0 0 0
0 0 0
0 0 0
0 0 0
0 0 0
-2363584 0 0
-10890888 0 0
139392 0 0
13350552 0 0
-16616400 0 0
14333216 0 0
72247701 0 0
-180585787 0 0
37393686 0 0
87001545 0 0
-77013124 0 0
196348015 0 0
101950267 0 0
-356062869 0 0
179310127 0 0
63001513 0 0
140023818 0 0
328281468 0 0
-37226578 0 0
-318193280 0 0
297618324 0 0
33649360 0 0
176309234 0 0
162749638 0 0
-44562980 0 0
-71748495 0 0
263571015 0 0
-32828689 0 0
109645755 0 0
-184433123 0 0
-72624386 0 0
79570028 0 0
141417933 0 0
-10236757 0 0
-44542502 0 0
-311085944 0 0
2895683 0 0
45015550 0 0
50229909 0 0
-2510387 0 0
-50004520 0 0
-131564715 0 0
0 0 0
0 0 0
0 0 0
0 0 0
0 0 0
0 0 0
0 0 0
0 0 0
0 0 0
0 0 0
0 0 0
0 0 0
0 0 0
0 0 0
0 0 0
0 0 0
0 0 0
0 0 0
0 0 0
0 0 0
0 0 0
0 0 0
0 0 0
0 0 0
0 0 0
0 0 0
0 0 0
0 0 0
0 0 0
0 0 0
0 0 0
0 0 0
0 0 0
0 0 0
0 0 0
0 0 0
0 0 0
0 0 0
0 0 0
0 0 0
0 0 0
0 0 0
0 0 0
0 0 0
0 0 0
0 0 0
0 0 0
0 0 0
0 0 0
0 0 0
0 0 0
0 0 0
0 0 0
0 0 0
0 0 0
0 0 0
0 0 0
0 0 0
0 0 0
0 0 0
0 0 0
0 0 0
0 0 0
0 0 0
0 0 0
0 0 0
0 0 0
0 0 0
0 0 0
0 0 0
0 0 0
0 0 0
0 0 0
0 0 0
0 0 0
0 0 0
0 0 0
0 0 0
0 0 0
0 0 0
0 0 0
0 0 0
0 0 0
0 0 0
0 0 0
0 0 0
0 0 0
0 0 0
0 0 0
0 0 0
0 0 0
0 0 0
0 0 0
0 0 0
0 0 0
0 0 0
0 0 0
0 0 0
0 0 0
0 0 0
0 0 0
0 0 0
0 0 0
0 0 0
0 0 0
0 0 0
0 0 0
0 0 0
-96256 0 0
-316480 0 0
3584 0 0
415936 0 0
-523904 0 0
431360 0 0
18322088 0 0
-40292765 0 0
1711216 0 0
21184823 0 0
-19755250 0 0
38440404 0 0
160325881 0 0
-250992417 0 0
80630884 0 0
61187276 0 0
-28288663 0 0
286512604 0 0
100193438 0 0
-298447651 0 0
202373520 0 0
31787674 0 0
185245468 0 0
291899411 0 0
-66524661 0 0
-192101006 0 0
332171576 0 0
2783190 0 0
155120934 0 0
11792429 0 0
-63724352 0 0
35886643 0 0
261026681 0 0
-64277435 0 0
35406714 0 0
-244930253 0 0
28482294 0 0
96292658 0 0
116652436 0 0
-51017736 0 0
-91553162 0 0
-255113650 0 0
59205083 0 0
44778024 0 0
22774610 0 0
-30064678 0 0
-41608724 0 0
-93206685 0 0
0 0 0
0 0 0
0 0 0
0 0 0
0 0 0
0 0 0
0 0 0
0 0 0
0 0 0
0 0 0
0 0 0
0 0 0
0 0 0
0 0 0
0 0 0
0 0 0
0 0 0
0 0 0
0 0 0
0 0 0
0 0 0
0 0 0
0 0 0
0 0 0
0 0 0
0 0 0
0 0 0
0 0 0
0 0 0
0 0 0
0 0 0
0 0 0
0 0 0
0 0 0
0 0 0
0 0 0
0 0 0
0 0 0
0 0 0
0 0 0
0 0 0
0 0 0
0 0 0
0 0 0
0 0 0
0 0 0
0 0 0
0 0 0
0 0 0
0 0 0
0 0 0
0 0 0
0 0 0
0 0 0
0 0 0
0 0 0
0 0 0
0 0 0
0 0 0
0 0 0
0 0 0
0 0 0
0 0 0
0 0 0
0 0 0
0 0 0
0 0 0
0 0 0
0 0 0
0 0 0
0 0 0
0 0 0
0 0 0
0 0 0
0 0 0
0 0 0
0 0 0
0 0 0
0 0 0
0 0 0
0 0 0
0 0 0
0 0 0
0 0 0
0 0 0
0 0 0
0 0 0
0 0 0
0 0 0
0 0 0
0 0 0
0 0 0
0 0 0
0 0 0
0 0 0
0 0 0
0 0 0
0 0 0
0 0 0
0 0 0
0 0 0
0 0 0
0 0 0
0 0 0
0 0 0
0 0 0
0 0 0
0 0 0
-2459840 0 0
-11207368 0 0
142976 0 0
13766488 0 0
-17140304 0 0
14764576 0 0
19707693 0 0
-106996969 0 0
25907695 0 0
62956681 0 0
-50893874 0 0
116205278 0 0
139557934 0 0
-314710712 0 0
177873755 0 0
40844292 0 0
54947602 0 0
352980059 0 0
64511524 0 0
-298996283 0 0
261203882 0 0
10886997 0 0
162888928 0 0
242367344 0 0
-47620529 0 0
-131099654 0 0
309712763 0 0
-9340062 0 0
109752238 0 0
-130721640 0 0
-124108261 0 0
145583 0 0
204156803 0 0
447203 0 0
557471 0 0
-292423518 0 0
-33285285 0 0
23827410 0 0
84191584 0 0
-495077 0 0
-72174143 0 0
-177742044 0 0
14363765 0 0
9480278 0 0
6033472 0 0
-7779018 0 0
-11337603 0 0
-24000255 0 0
0 0 0
0 0 0
0 0 0
0 0 0
0 0 0
0 0 0
0 0 0
0 0 0
0 0 0
0 0 0
0 0 0
0 0 0
0 0 0
0 0 0
0 0 0
0 0 0
0 0 0
0 0 0
0 0 0
0 0 0
0 0 0
0 0 0
0 0 0
0 0 0
0 0 0
0 0 0
0 0 0
0 0 0
0 0 0
0 0 0
0 0 0
0 0 0
0 0 0
0 0 0
0 0 0
0 0 0
0 0 0
0 0 0
0 0 0
0 0 0
0 0 0
0 0 0
0 0 0
0 0 0
0 0 0
0 0 0
0 0 0
0 0 0
0 0 0
0 0 0
0 0 0
0 0 0
0 0 0
0 0 0
0 0 0
0 0 0
0 0 0
0 0 0
0 0 0
0 0 0
0 0 0
0 0 0
0 0 0
0 0 0
0 0 0
0 0 0
0 0 0
0 0 0
0 0 0
0 0 0
0 0 0
0 0 0
0 0 0
0 0 0
0 0 0
0 0 0
0 0 0
0 0 0
0 0 0
0 0 0
0 0 0
0 0 0
0 0 0
0 0 0
0 0 0
0 0 0
0 0 0
0 0 0
0 0 0
0 0 0
0 0 0
0 0 0
0 0 0
0 0 0
0 0 0
0 0 0
0 0 0
0 0 0
0 0 0
0 0 0
0 0 0
0 0 0
-386528 0 0
-1270865 0 0
14392 0 0
1670243 0 0
-2103802 0 0
1732180 0 0
12086316 0 0
-63568183 0 0
2692665 0 0
48291404 0 0
-50562303 0 0
66645530 0 0
63138373 0 0
-270384879 0 0
56362379 0 0
110279565 0 0
1299963 0 0
216529748 0 0
9931257 0 0
-390273017 0 0
220289947 0 0
89358803 0 0
144543273 0 0
311915742 0 0
-34228084 0 0
-290568770 0 0
308215812 0 0
25027810 0 0
175829243 0 0
142265468 0 0
-37023480 0 0
-50147129 0 0
269329852 0 0
-41525082 0 0
94064421 0 0
-209874153 0 0
-60579784 0 0
76165148 0 0
144291533 0 0
-15334686 0 0
-48344112 0 0
-300940157 0 0
9908934 0 0
46344546 0 0
47980836 0 0
-7736485 0 0
-48653406 0 0
-129421993 0 0
1801978 0 0
2452440 0 0
1396739 0 0
-806319 0 0
-1758915 0 0
-4637020 0 0
0 0 0
0 0 0
0 0 0
0 0 0
0 0 0
0 0 0
0 0 0
0 0 0
0 0 0
0 0 0
0 0 0
0 0 0
0 0 0
0 0 0
0 0 0
0 0 0
0 0 0
0 0 0
0 0 0
0 0 0
0 0 0
0 0 0
0 0 0
0 0 0
0 0 0
0 0 0
0 0 0
0 0 0
0 0 0
0 0 0
0 0 0
0 0 0
0 0 0
0 0 0
0 0 0
0 0 0
0 0 0
0 0 0
0 0 0
0 0 0
0 0 0
0 0 0
0 0 0
0 0 0
0 0 0
0 0 0
0 0 0
0 0 0
0 0 0
0 0 0
0 0 0
0 0 0
0 0 0
0 0 0
0 0 0
0 0 0
0 0 0
0 0 0
0 0 0
0 0 0
0 0 0
0 0 0
0 0 0
0 0 0
0 0 0
0 0 0
0 0 0
0 0 0
0 0 0
0 0 0
0 0 0
0 0 0
0 0 0
0 0 0
0 0 0
0 0 0
0 0 0
0 0 0
0 0 0
0 0 0
0 0 0
0 0 0
0 0 0
0 0 0
0 0 0
0 0 0
0 0 0
0 0 0
0 0 0
0 0 0
0 0 0
0 0 0
0 0 0
0 0 0
0 0 0
0 0 0
0 0 0
0 0 0
0 0 0
0 0 0
0 0 0
0 0 0
-1519879 0 0
-17524604 0 0
262939 0 0
19165298 0 0
-23338408 0 0
21833978 0 0
57143747 0 0
-176962348 0 0
30906894 0 0
84159397 0 0
-50655527 0 0
167339118 0 0
73384176 0 0
-365054604 0 0
145112753 0 0
94158280 0 0
106847567 0 0
295842807 0 0
-43337610 0 0
-344108718 0 0
277627001 0 0
62834217 0 0
174269090 0 0
204289506 0 0
-26149451 0 0
-117832082 0 0
325404330 0 0
-54271664 0 0
157364370 0 0
-57253653 0 0
3439162 0 0
129925114 0 0
223030962 0 0
-99690324 0 0
-18758131 0 0
-264340166 0 0
108185313 0 0
148221520 0 0
91014415 0 0
-80114799 0 0
-82734444 0 0
-237771115 0 0
59327413 0 0
45691982 0 0
20443981 0 0
-30084320 0 0
-37157971 0 0
-84390820 0 0
2354634 0 0
1302990 0 0
453862 0 0
-1207900 0 0
-1247735 0 0
-2541730 0 0
0 0 0
0 0 0
0 0 0
0 0 0
0 0 0
0 0 0
0 0 0
0 0 0
0 0 0
0 0 0
0 0 0
0 0 0
0 0 0
0 0 0
0 0 0
0 0 0
0 0 0
0 0 0
0 0 0
0 0 0
0 0 0
0 0 0
0 0 0
0 0 0
0 0 0
0 0 0
0 0 0
0 0 0
0 0 0
0 0 0
0 0 0
0 0 0
0 0 0
0 0 0
0 0 0
0 0 0
0 0 0
0 0 0
0 0 0
0 0 0
0 0 0
0 0 0
0 0 0
0 0 0
0 0 0
0 0 0
0 0 0
0 0 0
0 0 0
0 0 0
0 0 0
0 0 0
0 0 0
0 0 0
0 0 0
0 0 0
0 0 0
0 0 0
0 0 0
0 0 0
0 0 0
0 0 0
0 0 0
0 0 0
0 0 0
0 0 0
0 0 0
0 0 0
0 0 0
0 0 0
0 0 0
0 0 0
0 0 0
0 0 0
0 0 0
0 0 0
0 0 0
0 0 0
0 0 0
0 0 0
0 0 0
0 0 0
0 0 0
0 0 0
0 0 0
0 0 0
0 0 0
0 0 0
0 0 0
0 0 0
0 0 0
0 0 0
0 0 0
0 0 0
0 0 0
0 0 0
-869312 0 0
-2858210 0 0
32368 0 0
3756422 0 0
-4731508 0 0
3895720 0 0
19680701 0 0
-80068426 0 0
5783492 0 0
53200900 0 0
-50506892 0 0
80275819 0 0
100297956 0 0
-291746580 0 0
92448512 0 0
87389205 0 0
23837459 0 0
267088403 0 0
21262200 0 0
-357782295 0 0
227190986 0 0
69955352 0 0
156788944 0 0
285409863 0 0
-37243956 0 0
-224855362 0 0
324499837 0 0
-2136642 0 0
172503277 0 0
49394757 0 0
-54332806 0 0
51048306 0 0
283162873 0 0
-83162042 0 0
47966536 0 0
-222880673 0 0
57550579 0 0
138933424 0 0
146696370 0 0
-84205660 0 0
-88240957 0 0
-256497699 0 0
101611619 0 0
76483272 0 0
36786270 0 0
-57582071 0 0
-59727247 0 0
-130624360 0 0
20018970 0 0
11077950 0 0
3858710 0 0
-10269500 0 0
-10608175 0 0
-21609650 0 0
0 0 0
0 0 0
0 0 0
0 0 0
0 0 0
0 0 0
0 0 0
0 0 0
0 0 0
0 0 0
0 0 0
0 0 0
0 0 0
0 0 0
0 0 0
0 0 0
0 0 0
0 0 0
0 0 0
0 0 0
0 0 0
0 0 0
0 0 0
0 0 0
0 0 0
0 0 0
0 0 0
0 0 0
0 0 0
0 0 0
0 0 0
0 0 0
0 0 0
0 0 0
0 0 0
0 0 0
0 0 0
0 0 0
0 0 0
0 0 0
0 0 0
0 0 0
0 0 0
0 0 0
0 0 0
0 0 0
0 0 0
0 0 0
0 0 0
0 0 0
0 0 0
0 0 0
0 0 0
0 0 0
0 0 0
0 0 0
0 0 0
0 0 0
0 0 0
0 0 0
0 0 0
0 0 0
0 0 0
0 0 0
0 0 0
0 0 0
0 0 0
0 0 0
0 0 0
0 0 0
0 0 0
0 0 0
0 0 0
0 0 0
0 0 0
0 0 0
0 0 0
0 0 0
0 0 0
0 0 0
0 0 0
0 0 0
0 0 0
0 0 0
0 0 0
0 0 0
0 0 0
0 0 0
0 0 0
0 0 0
0 0 0
0 0 0
0 0 0
0 0 0
0 0 0
0 0 0
0 0 0
0 0 0
0 0 0
0 0 0
0 0 0
0 0 0
2038450 0 0
-21472236 0 0
388182 0 0
19524096 0 0
-22788888 0 0
24651652 0 0
67409192 0 0
-180978292 0 0
37402202 0 0
78755838 0 0
-45178690 0 0
178178788 0 0
87936562 0 0
-342232852 0 0
169580076 0 0
69882890 0 0
111753240 0 0
312998304 0 0
-13207341 0 0
-324514955 0 0
287847347 0 0
49727941 0 0
155138760 0 0
200599486 0 0
-49806382 0 0
-96371131 0 0
318012574 0 0
-50060359 0 0
156629790 0 0
-128493550 0 0
-63630625 0 0
91357470 0 0
193871665 0 0
-47381033 0 0
-53924757 0 0
-299705713 0 0
77370451 0 0
95749606 0 0
65177171 0 0
-49168465 0 0
-74454750 0 0
-188424307 0 0
24521176 0 0
16842300 0 0
7086658 0 0
-12313526 0 0
-14802220 0 0
-32523660 0 0
0 0 0
0 0 0
0 0 0
0 0 0
0 0 0
0 0 0
0 0 0
0 0 0
0 0 0
0 0 0
0 0 0
0 0 0
0 0 0
0 0 0
0 0 0
0 0 0
0 0 0
0 0 0
0 0 0
0 0 0
0 0 0
0 0 0
0 0 0
0 0 0
0 0 0
0 0 0
0 0 0
0 0 0
0 0 0
0 0 0
0 0 0
0 0 0
0 0 0
0 0 0
0 0 0
0 0 0
0 0 0
0 0 0
0 0 0
0 0 0
0 0 0
0 0 0
0 0 0
0 0 0
0 0 0
0 0 0
0 0 0
0 0 0
0 0 0
0 0 0
0 0 0
0 0 0
0 0 0
0 0 0
0 0 0
0 0 0
0 0 0
0 0 0
0 0 0
0 0 0
0 0 0
0 0 0
0 0 0
0 0 0
0 0 0
0 0 0
0 0 0
0 0 0
0 0 0
0 0 0
0 0 0
0 0 0
0 0 0
0 0 0
0 0 0
0 0 0
0 0 0
0 0 0
0 0 0
0 0 0
0 0 0
0 0 0
0 0 0
0 0 0
0 0 0
0 0 0
0 0 0
0 0 0
0 0 0
0 0 0
0 0 0
0 0 0
0 0 0
0 0 0
0 0 0
0 0 0
0 0 0
0 0 0
0 0 0
0 0 0
0 0 0
0 0 0
-773056 0 0
-2541730 0 0
28784 0 0
3340486 0 0
-4207604 0 0
3464360 0 0
14122694 0 0
-103732916 0 0
8374482 0 0
84164146 0 0
-92983878 0 0
117704610 0 0
82983516 0 0
-354278467 0 0
118288662 0 0
103889549 0 0
76974492 0 0
287547762 0 0
-54820430 0 0
-408138957 0 0
255144587 0 0
96099336 0 0
149937713 0 0
272143088 0 0
-25044303 0 0
-266281329 0 0
329516449 0 0
26688965 0 0
133762303 0 0
85621740 0 0
-99919181 0 0
-10090805 0 0
274210798 0 0
-44731819 0 0
109204935 0 0
-251772595 0 0
-59664877 0 0
65636340 0 0
154149248 0 0
-17411710 0 0
-104999025 0 0
-284556885 0 0
66457269 0 0
49962496 0 0
23880402 0 0
-35116656 0 0
-42264282 0 0
-94051745 0 0
5295636 0 0
2930460 0 0
1020748 0 0
-2716600 0 0
-2806190 0 0
-5716420 0 0
0 0 0
0 0 0
0 0 0
0 0 0
0 0 0
0 0 0
0 0 0
0 0 0
0 0 0
0 0 0
0 0 0
0 0 0
0 0 0
0 0 0
0 0 0
0 0 0
0 0 0
0 0 0
0 0 0
0 0 0
0 0 0
0 0 0
0 0 0
0 0 0
0 0 0
0 0 0
0 0 0
0 0 0
0 0 0
0 0 0
0 0 0
0 0 0
0 0 0
0 0 0
0 0 0
0 0 0
0 0 0
0 0 0
0 0 0
0 0 0
0 0 0
0 0 0
0 0 0
0 0 0
0 0 0
0 0 0
0 0 0
0 0 0
0 0 0
0 0 0
0 0 0
0 0 0
0 0 0
0 0 0
0 0 0
0 0 0
0 0 0
0 0 0
0 0 0
0 0 0
0 0 0
0 0 0
0 0 0
0 0 0
0 0 0
0 0 0
0 0 0
0 0 0
0 0 0
0 0 0
0 0 0
0 0 0
0 0 0
0 0 0
0 0 0
0 0 0
0 0 0
0 0 0
0 0 0
0 0 0
0 0 0
0 0 0
0 0 0
0 0 0
0 0 0
0 0 0
0 0 0
0 0 0
0 0 0
0 0 0
0 0 0
0 0 0
0 0 0
0 0 0
0 0 0
0 0 0
0 0 0
0 0 0
0 0 0
0 0 0
0 0 0
0 0 0
2565650 0 0
-16619193 0 0
317166 0 0
14108823 0 0
-16167594 0 0
18547976 0 0
126714544 0 0
-239525935 0 0
36942611 0 0
88918754 0 0
-56454597 0 0
230827214 0 0
77579526 0 0
-348322696 0 0
165052493 0 0
75129122 0 0
171731823 0 0
300789385 0 0
-73951188 0 0
-325413793 0 0
313908527 0 0
72692753 0 0
156108213 0 0
157994935 0 0
7129708 0 0
-148381793 0 0
330950986 0 0
-40221916 0 0
133685996 0 0
-60171609 0 0
-75709388 0 0
82493472 0 0
192317039 0 0
-42681209 0 0
14801517 0 0
-320288458 0 0
4166438 0 0
75024678 0 0
98697399 0 0
-14857584 0 0
-94193671 0 0
-237866063 0 0
18879946 0 0
11902920 0 0
4688563 0 0
-9567119 0 0
-10808635 0 0
-23071980 0 0
0 0 0
0 0 0
0 0 0
0 0 0
0 0 0
0 0 0
0 0 0
0 0 0
0 0 0
0 0 0
0 0 0
0 0 0
0 0 0
0 0 0
0 0 0
0 0 0
0 0 0
0 0 0
0 0 0
0 0 0
0 0 0
0 0 0
0 0 0
0 0 0
0 0 0
0 0 0
0 0 0
0 0 0
0 0 0
0 0 0
0 0 0
0 0 0
0 0 0
0 0 0
0 0 0
0 0 0
0 0 0
0 0 0
0 0 0
0 0 0
0 0 0
0 0 0
0 0 0
0 0 0
0 0 0
0 0 0
0 0 0
0 0 0
0 0 0
0 0 0
0 0 0
0 0 0
0 0 0
0 0 0
0 0 0
0 0 0
0 0 0
0 0 0
0 0 0
0 0 0
0 0 0
0 0 0
0 0 0
0 0 0
0 0 0
0 0 0
0 0 0
0 0 0
0 0 0
0 0 0
0 0 0
0 0 0
0 0 0
0 0 0
0 0 0
0 0 0
0 0 0
0 0 0
0 0 0
0 0 0
0 0 0
0 0 0
0 0 0
0 0 0
0 0 0
0 0 0
0 0 0
0 0 0
0 0 0
0 0 0
0 0 0
0 0 0
0 0 0
0 0 0
0 0 0
0 0 0
0 0 0
0 0 0
0 0 0
0 0 0
0 0 0
0 0 0
-869312 0 0
-2858210 0 0
32368 0 0
3756422 0 0
-4731508 0 0
3895720 0 0
14822235 0 0
-60186248 0 0
7398209 0 0
38661492 0 0
-36709214 0 0
63085460 0 0
161773215 0 0
-264739891 0 0
134252764 0 0
39153138 0 0
3237113 0 0
330825724 0 0
109403169 0 0
-286211688 0 0
230995897 0 0
5144127 0 0
177365606 0 0
279938041 0 0
16882638 0 0
-190009734 0 0
344487713 0 0
-27566449 0 0
137968671 0 0
-17807954 0 0
-5205321 0 0
37100197 0 0
295851236 0 0
-100458215 0 0
60986097 0 0
-195748683 0 0
52250732 0 0
154583816 0 0
133067267 0 0
-80944662 0 0
-72719892 0 0
-290288413 0 0
84905340 0 0
79867014 0 0
45216180 0 0
-42919263 0 0
-68978628 0 0
-163199895 0 0
2354634 0 0
1302990 0 0
453862 0 0
-1207900 0 0
-1247735 0 0
-2541730 0 0
0 0 0
0 0 0
0 0 0
0 0 0
0 0 0
0 0 0
0 0 0
0 0 0
0 0 0
0 0 0
0 0 0
0 0 0
0 0 0
0 0 0
0 0 0
0 0 0
0 0 0
0 0 0
0 0 0
0 0 0
0 0 0
0 0 0
0 0 0
0 0 0
0 0 0
0 0 0
0 0 0
0 0 0
0 0 0
0 0 0
0 0 0
0 0 0
0 0 0
0 0 0
0 0 0
0 0 0
0 0 0
0 0 0
0 0 0
0 0 0
0 0 0
0 0 0
0 0 0
0 0 0
0 0 0
0 0 0
0 0 0
0 0 0
0 0 0
0 0 0
0 0 0
0 0 0
0 0 0
0 0 0
0 0 0
0 0 0
0 0 0
0 0 0
0 0 0
0 0 0
0 0 0
0 0 0
0 0 0
0 0 0
0 0 0
0 0 0
0 0 0
0 0 0
0 0 0
0 0 0
0 0 0
0 0 0
0 0 0
0 0 0
0 0 0
0 0 0
0 0 0
0 0 0
0 0 0
0 0 0
0 0 0
0 0 0
0 0 0
0 0 0
0 0 0
0 0 0
0 0 0
0 0 0
0 0 0
0 0 0
0 0 0
0 0 0
0 0 0
0 0 0
0 0 0
0 0 0
-194016 0 0
-637905 0 0
7224 0 0
838371 0 0
-1055994 0 0
869460 0 0
-1445418 0 0
-32695021 0 0
984359 0 0
32589082 0 0
-37149083 0 0
37937622 0 0
30119916 0 0
-192175645 0 0
38492844 0 0
97378537 0 0
-36426461 0 0
165970290 0 0
65998974 0 0
-376838666 0 0
200916867 0 0
74663139 0 0
104984808 0 0
340655772 0 0
-5094104 0 0
-314334907 0 0
287304488 0 0
29151296 0 0
166311695 0 0
205754475 0 0
-23621999 0 0
-75918705 0 0
327201076 0 0
-61909615 0 0
124363548 0 0
-140459433 0 0
-33117002 0 0
105490774 0 0
216639001 0 0
-75205393 0 0
-39855132 0 0
-270944194 0 0
95041122 0 0
110646604 0 0
77559228 0 0
-67900097 0 0
-82086375 0 0
-200725087 0 0
50720438 0 0
31708320 0 0
12402049 0 0
-25723581 0 0
-28888725 0 0
-61485500 0 0
0 0 0
0 0 0
0 0 0
0 0 0
0 0 0
0 0 0
0 0 0
0 0 0
0 0 0
0 0 0
0 0 0
0 0 0
0 0 0
0 0 0
0 0 0
0 0 0
0 0 0
0 0 0
0 0 0
0 0 0
0 0 0
0 0 0
0 0 0
0 0 0
0 0 0
0 0 0
0 0 0
0 0 0
0 0 0
0 0 0
0 0 0
0 0 0
0 0 0
0 0 0
0 0 0
0 0 0
0 0 0
0 0 0
0 0 0
0 0 0
0 0 0
0 0 0
0 0 0
0 0 0
0 0 0
0 0 0
0 0 0
0 0 0
0 0 0
0 0 0
0 0 0
0 0 0
0 0 0
0 0 0
0 0 0
0 0 0
0 0 0
0 0 0
0 0 0
0 0 0
0 0 0
0 0 0
0 0 0
0 0 0
0 0 0
0 0 0
0 0 0
0 0 0
0 0 0
0 0 0
0 0 0
0 0 0
0 0 0
0 0 0
0 0 0
0 0 0
0 0 0
0 0 0
0 0 0
0 0 0
0 0 0
0 0 0
0 0 0
0 0 0
0 0 0
0 0 0
0 0 0
0 0 0
0 0 0
0 0 0
0 0 0
0 0 0
0 0 0
0 0 0
0 0 0
0 0 0
0 0 0
0 0 0
0 0 0
0 0 0
0 0 0
0 0 0
599353 0 0
-4317458 0 0
81259 0 0
3733460 0 0
-4300132 0 0
4854706 0 0
41753227 0 0
-104567235 0 0
8862810 0 0
56149608 0 0
-49805439 0 0
102583632 0 0
93900997 0 0
-307082063 0 0
83653200 0 0
99612016 0 0
44052728 0 0
256756636 0 0
-9729206 0 0
-360899847 0 0
239184880 0 0
78452849 0 0
170909034 0 0
263864312 0 0
-36620351 0 0
-212359758 0 0
319370690 0 0
-12074280 0 0
182503540 0 0
42571049 0 0
-34941020 0 0
74846962 0 0
245522533 0 0
-78856542 0 0
31599588 0 0
-255257533 0 0
48434341 0 0
132495140 0 0
119728842 0 0
-60319786 0 0
-81026461 0 0
-263750317 0 0
59940109 0 0
52086178 0 0
28311155 0 0
-31885596 0 0
-43788789 0 0
-100997310 0 0
5891166 0 0
3260010 0 0
1135538 0 0
-3022100 0 0
-3121765 0 0
-6359270 0 0
0 0 0
0 0 0
0 0 0
0 0 0
0 0 0
0 0 0
0 0 0
0 0 0
0 0 0
0 0 0
0 0 0
0 0 0
0 0 0
0 0 0
0 0 0
0 0 0
0 0 0
0 0 0
0 0 0
0 0 0
0 0 0
0 0 0
0 0 0
0 0 0
0 0 0
0 0 0
0 0 0
0 0 0
0 0 0
0 0 0
0 0 0
0 0 0
0 0 0
0 0 0
0 0 0
0 0 0
0 0 0
0 0 0
0 0 0
0 0 0
0 0 0
0 0 0
0 0 0
0 0 0
0 0 0
0 0 0
0 0 0
0 0 0
0 0 0
0 0 0
0 0 0
0 0 0
0 0 0
0 0 0
0 0 0
0 0 0
0 0 0
0 0 0
0 0 0
0 0 0
0 0 0
0 0 0
0 0 0
0 0 0
0 0 0
0 0 0
0 0 0
0 0 0
0 0 0
0 0 0
0 0 0
0 0 0
0 0 0
0 0 0
0 0 0
0 0 0
0 0 0
0 0 0
0 0 0
0 0 0
0 0 0
0 0 0
0 0 0
0 0 0
0 0 0
0 0 0
0 0 0
0 0 0
0 0 0
0 0 0
0 0 0
0 0 0
0 0 0
0 0 0
0 0 0
0 0 0
-96256 0 0
-316480 0 0
3584 0 0
415936 0 0
-523904 0 0
431360 0 0
2211387 0 0
-21654914 0 0
1643588 0 0
18924018 0 0
-22052426 0 0
25786987 0 0
84267775 0 0
-179989554 0 0
53924269 0 0
64630817 0 0
-42071763 0 0
199408113 0 0
111225933 0 0
-324105444 0 0
177801824 0 0
50153540 0 0
115902941 0 0
314072323 0 0
-4409246 0 0
-282116895 0 0
294806635 0 0
25164528 0 0
157996295 0 0
152751472 0 0
-51444101 0 0
-45042617 0 0
320125963 0 0
-65544844 0 0
118107211 0 0
-145097993 0 0
-11949145 0 0
107415732 0 0
188792139 0 0
-70733818 0 0
-62849320 0 0
-279648272 0 0
95660446 0 0
94297708 0 0
60802301 0 0
-59907186 0 0
-77325894 0 0
-183664875 0 0
27443106 0 0
17734410 0 0
7127208 0 0
-13871250 0 0
-15950115 0 0
-34337070 0 0
0 0 0
0 0 0
0 0 0
0 0 0
0 0 0
0 0 0
0 0 0
0 0 0
0 0 0
0 0 0
0 0 0
0 0 0
0 0 0
0 0 0
0 0 0
0 0 0
0 0 0
0 0 0
0 0 0
0 0 0
0 0 0
0 0 0
0 0 0
0 0 0
0 0 0
0 0 0
0 0 0
0 0 0
0 0 0
0 0 0
0 0 0
0 0 0
0 0 0
0 0 0
0 0 0
0 0 0
0 0 0
0 0 0
0 0 0
0 0 0
0 0 0
0 0 0
0 0 0
0 0 0
0 0 0
0 0 0
0 0 0
0 0 0
0 0 0
0 0 0
0 0 0
0 0 0
0 0 0
0 0 0
0 0 0
0 0 0
0 0 0
0 0 0
0 0 0
0 0 0
0 0 0
0 0 0
0 0 0
0 0 0
0 0 0
0 0 0
0 0 0
0 0 0
0 0 0
0 0 0
0 0 0
0 0 0
0 0 0
0 0 0
0 0 0
0 0 0
0 0 0
0 0 0
0 0 0
0 0 0
0 0 0
0 0 0
0 0 0
0 0 0
0 0 0
0 0 0
0 0 0
0 0 0
0 0 0
0 0 0
0 0 0
0 0 0
0 0 0
0 0 0
0 0 0
0 0 0
0 0 0
0 0 0
0 0 0
0 0 0
0 0 0
0 0 0
-1204000 0 0
-7078293 0 0
96216 0 0
8339823 0 0
-10304994 0 0
9136676 0 0
15016338 0 0
-98349766 0 0
10999373 0 0
67375997 0 0
-58892757 0 0
98412484 0 0
87582824 0 0
-315303698 0 0
116773667 0 0
87835475 0 0
45054596 0 0
282164242 0 0
6880474 0 0
-364156430 0 0
244396780 0 0
67102669 0 0
150349609 0 0
280409123 0 0
-27317943 0 0
-217208792 0 0
319658231 0 0
-4554917 0 0
163552552 0 0
22011093 0 0
-88198064 0 0
26130644 0 0
242135398 0 0
-42361746 0 0
41192793 0 0
-270349078 0 0
-3900522 0 0
84020408 0 0
119994962 0 0
-30265416 0 0
-84206962 0 0
-250114110 0 0
42731280 0 0
36303646 0 0
21218159 0 0
-23177867 0 0
-32969386 0 0
-74836900 0 0
4122900 0 0
2281500 0 0
794700 0 0
-2115000 0 0
-2184750 0 0
-4450500 0 0
0 0 0
0 0 0
0 0 0
0 0 0
0 0 0
0 0 0
0 0 0
0 0 0
0 0 0
0 0 0
0 0 0
0 0 0
0 0 0
0 0 0
0 0 0
0 0 0
0 0 0
0 0 0
0 0 0
0 0 0
0 0 0
0 0 0
0 0 0
0 0 0
0 0 0
0 0 0
0 0 0
0 0 0
0 0 0
0 0 0
0 0 0
0 0 0
0 0 0
0 0 0
0 0 0
0 0 0
0 0 0
0 0 0
0 0 0
0 0 0
0 0 0
0 0 0
0 0 0
0 0 0
0 0 0
0 0 0
0 0 0
0 0 0
0 0 0
0 0 0
0 0 0
0 0 0
0 0 0
0 0 0
0 0 0
0 0 0
0 0 0
0 0 0
0 0 0
0 0 0
0 0 0
0 0 0
0 0 0
0 0 0
0 0 0
0 0 0
0 0 0
0 0 0
0 0 0
0 0 0
0 0 0
0 0 0
0 0 0
0 0 0
0 0 0
0 0 0
0 0 0
0 0 0
0 0 0
0 0 0
0 0 0
0 0 0
0 0 0
0 0 0
0 0 0
0 0 0
0 0 0
0 0 0
0 0 0
0 0 0
0 0 0
0 0 0
0 0 0
0 0 0
0 0 0
0 0 0
0 0 0
0 0 0
0 0 0
0 0 0
0 0 0
0 0 0
11284669 0 0
-25963913 0 0
1122783 0 0
14788417 0 0
-15143802 0 0
26063590 0 0
91501446 0 0
-193444103 0 0
35073336 0 0
76657431 0 0
-43148862 0 0
190990634 0 0
88699029 0 0
-327201433 0 0
166376517 0 0
67000124 0 0
129799425 0 0
299833021 0 0
-23916717 0 0
-316052802 0 0
294654306 0 0
53917816 0 0
152642007 0 0
185574155 0 0
-44932656 0 0
-87727062 0 0
313421397 0 0
-55407205 0 0
160865328 0 0
-136832520 0 0
-62801264 0 0
98775246 0 0
183236604 0 0
-44433633 0 0
-62113305 0 0
-307474429 0 0
79885761 0 0
96140586 0 0
59613798 0 0
-46716437 0 0
-71233062 0 0
-182799986 0 0
17740922 0 0
12727890 0 0
5518416 0 0
-8864738 0 0
-11009095 0 0
-24534310 0 0
0 0 0
0 0 0
0 0 0
0 0 0
0 0 0
0 0 0
0 0 0
0 0 0
0 0 0
0 0 0
0 0 0
0 0 0
0 0 0
0 0 0
0 0 0
0 0 0
0 0 0
0 0 0
0 0 0
0 0 0
0 0 0
0 0 0
0 0 0
0 0 0
0 0 0
0 0 0
0 0 0
0 0 0
0 0 0
0 0 0
0 0 0
0 0 0
0 0 0
0 0 0
0 0 0
0 0 0
0 0 0
0 0 0
0 0 0
0 0 0
0 0 0
0 0 0
0 0 0
0 0 0
0 0 0
0 0 0
0 0 0
0 0 0
0 0 0
0 0 0
0 0 0
0 0 0
0 0 0
0 0 0
0 0 0
0 0 0
0 0 0
0 0 0
0 0 0
0 0 0
0 0 0
0 0 0
0 0 0
0 0 0
0 0 0
0 0 0
0 0 0
0 0 0
0 0 0
0 0 0
0 0 0
0 0 0
0 0 0
0 0 0
0 0 0
0 0 0
0 0 0
0 0 0
0 0 0
0 0 0
0 0 0
0 0 0
0 0 0
0 0 0
0 0 0
0 0 0
0 0 0
0 0 0
0 0 0
0 0 0
0 0 0
0 0 0
0 0 0
0 0 0
0 0 0
0 0 0
0 0 0
0 0 0
0 0 0
0 0 0
0 0 0
0 0 0
0 0 0
0 0 0
0 0 0
0 0 0
0 0 0
0 0 0
29939022 0 0
-26059059 0 0
11058065 0 0
-1556953 0 0
-1175564 0 0
35305473 0 0
180221456 0 0
-133370657 0 0
88547543 0 0
-30246394 0 0
17967799 0 0
217936982 0 0
225243952 0 0
-100874412 0 0
169281631 0 0
-92691966 0 0
132860823 0 0
215555987 0 0
190728355 0 0
-21252135 0 0
262781267 0 0
-114510504 0 0
98647551 0 0
24996885 0 0
55280794 0 0
159452507 0 0
215350642 0 0
-122888161 0 0
55508019 0 0
-252460856 0 0
43783267 0 0
124521864 0 0
127432680 0 0
-56264628 0 0
-100130131 0 0
-267948521 0 0
71360997 0 0
48330850 0 0
20682619 0 0
-37545655 0 0
-41372918 0 0
-89344755 0 0
4709268 0 0
2605980 0 0
907724 0 0
-2415800 0 0
-2495470 0 0
-5083460 0 0
0 0 0
0 0 0
0 0 0
0 0 0
0 0 0
0 0 0
0 0 0
0 0 0
0 0 0
0 0 0
0 0 0
0 0 0
0 0 0
0 0 0
0 0 0
0 0 0
0 0 0
0 0 0
0 0 0
0 0 0
0 0 0
0 0 0
0 0 0
0 0 0
0 0 0
0 0 0
0 0 0
0 0 0
0 0 0
0 0 0
0 0 0
0 0 0
0 0 0
0 0 0
0 0 0
0 0 0
0 0 0
0 0 0
0 0 0
0 0 0
0 0 0
0 0 0
0 0 0
0 0 0
0 0 0
0 0 0
0 0 0
0 0 0
0 0 0
0 0 0
0 0 0
0 0 0
0 0 0
0 0 0
0 0 0
0 0 0
0 0 0
0 0 0
0 0 0
0 0 0
0 0 0
0 0 0
0 0 0
0 0 0
0 0 0
0 0 0
0 0 0
0 0 0
0 0 0
0 0 0
0 0 0
0 0 0
0 0 0
0 0 0
0 0 0
0 0 0
0 0 0
0 0 0
0 0 0
0 0 0
0 0 0
0 0 0
0 0 0
0 0 0
0 0 0
0 0 0
0 0 0
0 0 0
0 0 0
0 0 0
0 0 0
0 0 0
0 0 0
0 0 0
0 0 0
0 0 0
0 0 0
0 0 0
0 0 0
0 0 0
0 0 0
0 0 0
0 0 0
0 0 0
0 0 0
0 0 0
0 0 0
0 0 0
21713006 0 0
-970038 0 0
19107461 0 0
-16212664 0 0
4510798 0 0
26797073 0 0
146445059 0 0
11924349 0 0
113193734 0 0
-109265299 0 0
29991570 0 0
151437423 0 0
272087464 0 0
128031399 0 0
155308779 0 0
-215814289 0 0
51518288 0 0
116395369 0 0
346469777 0 0
230018479 0 0
187505184 0 0
-260221613 0 0
-6998391 0 0
-54267803 0 0
228896088 0 0
242916570 0 0
87410512 0 0
-169186405 0 0
-50060377 0 0
-233896791 0 0
113362211 0 0
105580272 0 0
52727835 0 0
-59306507 0 0
-78031831 0 0
-188006581 0 0
12383340 0 0
7583070 0 0
2913665 0 0
-6293243 0 0
-6965590 0 0
-14718470 0 0
0 0 0
0 0 0
0 0 0
0 0 0
0 0 0
0 0 0
0 0 0
0 0 0
0 0 0
0 0 0
0 0 0
0 0 0
0 0 0
0 0 0
0 0 0
0 0 0
0 0 0
0 0 0
0 0 0
0 0 0
0 0 0
0 0 0
0 0 0
0 0 0
0 0 0
0 0 0
0 0 0
0 0 0
0 0 0
0 0 0
0 0 0
0 0 0
0 0 0
0 0 0
0 0 0
0 0 0
0 0 0
0 0 0
0 0 0
0 0 0
0 0 0
0 0 0
0 0 0
0 0 0
0 0 0
0 0 0
0 0 0
0 0 0
0 0 0
0 0 0
0 0 0
0 0 0
0 0 0
0 0 0
0 0 0
0 0 0
0 0 0
0 0 0
0 0 0
0 0 0
0 0 0
0 0 0
0 0 0
0 0 0
0 0 0
0 0 0
0 0 0
0 0 0
0 0 0
0 0 0
0 0 0
0 0 0
0 0 0
0 0 0
0 0 0
0 0 0
0 0 0
0 0 0
0 0 0
0 0 0
0 0 0
0 0 0
0 0 0
0 0 0
0 0 0
0 0 0
0 0 0
0 0 0
0 0 0
0 0 0
0 0 0
0 0 0
0 0 0
0 0 0
0 0 0
0 0 0
0 0 0
0 0 0
0 0 0
0 0 0
0 0 0
0 0 0
0 0 0
0 0 0
0 0 0
0 0 0
0 0 0
0 0 0
0 0 0
0 0 0
0 0 0
0 0 0
0 0 0
0 0 0
4157101 0 0
5898386 0 0
9087078 0 0
-7791238 0 0
312390 0 0
8856835 0 0
39091085 0 0
40886170 0 0
57150965 0 0
-55479397 0 0
1803867 0 0
54322813 0 0
109234784 0 0
96074650 0 0
81066172 0 0
-112573246 0 0
-6548407 0 0
47547430 0 0
168768032 0 0
129199970 0 0
85715927 0 0
-140443052 0 0
-36113330 0 0
-20700525 0 0
141097294 0 0
94835640 0 0
31231758 0 0
-91140065 0 0
-43827602 0 0
-86601453 0 0
64274923 0 0
37268784 0 0
13481983 0 0
-33182444 0 0
-34303612 0 0
-70800690 0 0
1181898 0 0
654030 0 0
227814 0 0
-606300 0 0
-626295 0 0
-1275810 0 0
0 0 0
0 0 0
0 0 0
0 0 0
0 0 0
0 0 0
0 0 0
0 0 0
0 0 0
0 0 0
0 0 0
0 0 0
0 0 0
0 0 0
0 0 0
0 0 0
0 0 0
0 0 0
0 0 0
0 0 0
0 0 0
0 0 0
0 0 0
0 0 0
0 0 0
0 0 0
0 0 0
0 0 0
0 0 0
0 0 0
0 0 0
0 0 0
0 0 0
0 0 0
0 0 0
0 0 0
0 0 0
0 0 0
0 0 0
0 0 0
0 0 0
0 0 0
0 0 0
0 0 0
0 0 0
0 0 0
0 0 0
0 0 0
0 0 0
0 0 0
0 0 0
0 0 0
0 0 0
0 0 0
0 0 0
0 0 0
0 0 0
0 0 0
0 0 0
0 0 0
0 0 0
0 0 0
0 0 0
0 0 0
0 0 0
0 0 0
0 0 0
0 0 0
0 0 0
0 0 0
0 0 0
0 0 0
0 0 0
0 0 0
0 0 0
0 0 0
0 0 0
0 0 0
4056
0
2401
59
362
0
0
0
2401
59
362
0
0
0
2401
59
362
0
0
0
2401
59
362
0
0
0
2401
59
362
0
0
0
2401
59
362
0
0
0
2401
59
362
0
0
0
2401
59
362
0
0
0
2401
59
362
0
0
0
2401
59
362
0
0
0
2401
59
362
0
0
0
2401
59
362
0
0
0
2401
59
362
0
0
0
2401
59
362
0
0
0
2401
59
362
0
0
0
2401
59
362
0
0
0
2120
62
732
0
212
0
1157
280
1225
0
622
0
566
671
1123
881
0
0
1425
491
971
0
0
0
2401
59
362
0
0
0
2401
59
362
0
0
0
2401
59
362
0
0
0
2401
59
362
0
0
0
2401
59
362
0
0
0
2401
59
362
0
0
0
2401
59
362
0
0
0
2401
59
362
0
0
0
2401
59
362
0
0
0
2401
59
362
0
0
0
2401
59
362
0
0
0
2401
59
362
0
0
0
2401
59
362
0
0
0
2401
59
362
0
0
0
2401
59
362
0
0
0
2401
59
362
0
0
0
2401
59
362
0
0
0
2401
59
362
0
0
0
2401
59
362
0
0
0
2401
59
362
0
0
0
2401
59
362
0
0
0
2362
60
413
0
0
167
482
124
1927
0
1868
0
0
950
2948
1221
2446
0
0
2022
3024
2646
0
0
273
1432
2117
0
0
0
2401
59
362
0
0
0
2401
59
362
0
0
0
2401
59
362
0
0
0
2401
59
362
0
0
0
2401
59
362
0
0
0
2401
59
362
0
0
0
2401
59
362
0
0
0
2401
59
362
0
0
0
2401
59
362
0
0
0
2401
59
362
0
0
0
2401
59
362
0
0
0
2401
59
362
0
0
0
2401
59
362
0
0
0
2401
59
362
0
0
0
2401
59
362
0
0
0
2401
59
362
0
0
0
2401
59
362
0
0
0
2401
59
362
0
0
0
2401
59
362
0
0
0
2401
59
362
0
0
0
2401
59
362
0
0
0
2225
63
475
0
6
2306
0
663
1747
0
3830
728
0
1709
2134
3069
3402
0
0
2781
2777
3000
0
0
1190
2069
2078
0
0
0
2401
59
362
0
0
0
2401
59
362
0
0
0
2401
59
362
0
0
0
2401
59
362
0
0
0
2401
59
362
0
0
0
2401
59
362
0
0
0
2401
59
362
0
0
0
2401
59
362
0
0
0
2401
59
362
0
0
0
2401
59
362
0
0
0
2401
59
362
0
0
0
2401
59
362
0
0
0
2401
59
362
0
0
0
2401
59
362
0
0
0
2401
59
362
0
0
0
2401
59
362
0
0
0
2401
59
362
0
0
0
2401
59
362
0
0
0
2401
59
362
0
0
0
2401
59
362
0
0
0
2401
59
362
0
0
41
1912
131
740
0
469
2917
0
2282
1492
0
6340
1546
0
3915
683
4341
4359
0
0
4085
1745
1829
0
0
1861
2355
1448
0
0
0
2401
59
362
0
0
0
2401
59
362
0
0
0
2401
59
362
0
0
0
2401
59
362
0
0
0
2401
59
362
0
0
0
2401
59
362
0
0
0
2401
59
362
0
0
0
2401
59
362
0
0
0
2401
59
362
0
0
0
2401
59
362
0
0
0
2401
59
362
0
0
0
2401
59
362
0
0
0
2401
59
362
0
0
0
2401
59
362
0
0
0
2401
59
362
0
0
0
2401
59
362
0
0
0
2401
59
362
0
0
0
2401
59
362
0
0
0
2401
59
362
0
0
0
2401
59
362
0
0
0
2333
60
451
0
0
389
625
285
1513
0
1760
3492
0
3014
2191
47
7920
0
0
4698
1595
5424
3343
0
0
4803
2315
1534
0
0
1870
2386
1467
0
0
0
2401
59
362
0
0
0
2401
59
362
0
0
0
2401
59
362
0
0
0
2401
59
362
0
0
0
2401
59
362
0
0
0
2401
59
362
0
0
0
2401
59
362
0
0
0
2401
59
362
0
0
0
2401
59
362
0
0
0
2401
59
362
0
0
0
2401
59
362
0
0
0
2401
59
362
0
0
0
2401
59
362
0
0
0
2401
59
362
0
0
0
2401
59
362
0
0
0
2401
59
362
0
0
0
2401
59
362
0
0
0
2401
59
362
0
0
0
2401
59
362
0
0
0
2401
59
362
0
0
0
1887
68
831
0
419
1279
0
926
2928
0
4686
2478
0
5091
2643
3101
9339
0
0
6572
2359
5355
1464
0
348
5398
2088
813
0
0
1906
2403
1445
0
0
0
2401
59
362
0
0
0
2401
59
362
0
0
0
2401
59
362
0
0
0
2401
59
362
0
0
0
2401
59
362
0
0
0
2401
59
362
0
0
0
2401
59
362
0
0
0
2401
59
362
0
0
0
2401
59
362
0
0
0
2401
59
362
0
0
0
2401
59
362
0
0
0
2401
59
362
0
0
0
2401
59
362
0
0
0
2401
59
362
0
0
0
2401
59
362
0
0
0
2401
59
362
0
0
0
2401
59
362
0
0
0
2401
59
362
0
0
0
2401
59
362
0
0
0
2401
59
362
0
0
637
1156
200
907
0
1147
4136
0
1994
2186
0
7235
2775
0
5784
1720
4570
8461
0
0
7672
2068
4752
0
0
786
5633
1904
496
0
0
1916
2406
1436
0
0
0
2401
59
362
0
0
0
2401
59
362
0
0
0
2401
59
362
0
0
0
2401
59
362
0
0
0
2401
59
362
0
0
0
2401
59
362
0
0
0
2401
59
362
0
0
0
2401
59
362
0
0
0
2401
59
362
0
0
0
2401
59
362
0
0
0
2401
59
362
0
0
0
2401
59
362
0
0
0
2401
59
362
0
0
0
2401
59
362
0
0
0
2401
59
362
0
0
0
2401
59
362
0
0
0
2401
59
362
0
0
0
2401
59
362
0
0
0
2401
59
362
0
0
0
2391
59
375
0
0
925
373
688
1495
0
2823
4808
0
4492
1130
846
9625
2849
0
7621
635
4422
7584
0
0
8416
988
3483
0
0
1031
5686
1699
287
0
0
1936
2397
1423
0
0
0
2401
59
362
0
0
0
2401
59
362
0
0
0
2401
59
362
0
0
0
2401
59
362
0
0
0
2401
59
362
0
0
0
2401
59
362
0
0
0
2401
59
362
0
0
0
2401
59
362
0
0
0
2401
59
362
0
0
0
2401
59
362
0
0
0
2401
59
362
0
0
0
2401
59
362
0
0
0
2401
59
362
0
0
0
2401
59
362
0
0
0
2401
59
362
0
0
0
2401
59
362
0
0
0
2401
59
362
0
0
0
2401
59
362
0
0
0
2401
59
362
0
0
0
2069
63
770
0
266
2117
0
1200
3017
0
5820
3023
0
5531
2285
4195
9847
0
0
9142
1389
5302
4795
0
211
8103
0
3268
0
0
4829
4375
50
0
0
0
3775
1592
286
0
0
0
2401
59
362
0
0
0
2401
59
362
0
0
0
2401
59
362
0
0
0
2401
59
362
0
0
0
2401
59
362
0
0
0
2401
59
362
0
0
0
2401
59
362
0
0
0
2401
59
362
0
0
0
2401
59
362
0
0
0
2401
59
362
0
0
0
2401
59
362
0
0
0
2401
59
362
0
0
0
2401
59
362
0
0
0
2401
59
362
0
0
0
2401
59
362
0
0
0
2401
59
362
0
0
0
2401
59
362
0
0
0
2401
59
362
0
0
0
2391
59
375
0
0
471
1171
111
1009
0
1002
4805
0
2520
2230
0
8572
2970
0
6235
1332
5575
8736
0
0
10196
447
4656
188
0
3496
8025
0
1002
0
781
5340
3619
0
0
0
1719
3767
754
0
0
0
0
2401
59
362
0
0
0
2401
59
362
0
0
0
2401
59
362
0
0
0
2401
59
362
0
0
0
2401
59
362
0
0
0
2401
59
362
0
0
0
2401
59
362
0
0
0
2401
59
362
0
0
0
2401
59
362
0
0
0
2401
59
362
0
0
0
2401
59
362
0
0
0
2401
59
362
0
0
0
2401
59
362
0
0
0
2401
59
362
0
0
0
2401
59
362
0
0
0
2401
59
362
0
0
0
2401
59
362
0
0
0
2401
59
362
0
0
0
2059
64
782
0
279
513
0
850
2284
0
3375
4171
0
5487
1609
1599
10601
1881
0
8030
694
4893
7225
0
0
9511
77
3271
0
0
2405
6290
376
0
0
0
3128
2628
347
0
0
350
2690
243
125
0
0
0
2401
59
362
0
0
0
2401
59
362
0
0
0
2401
59
362
0
0
0
2401
59
362
0
0
0
2401
59
362
0
0
0
2401
59
362
0
0
0
2401
59
362
0
0
0
2401
59
362
0
0
0
2401
59
362
0
0
0
2401
59
362
0
0
0
2401
59
362
0
0
0
2401
59
362
0
0
0
2401
59
362
0
0
0
2401
59
362
0
0
0
2401
59
362
0
0
0
2401
59
362
0
0
0
2401
59
362
0
0
0
2362
60
413
0
0
281
461
141
1836
0
1862
1839
0
1779
3728
0
6436
215
0
6782
3089
4333
9347
0
0
9465
1126
5288
4170
0
871
8278
0
2793
0
0
4725
4463
0
0
0
214
3815
1523
126
0
0
0
2476
102
338
0
0
0
2401
59
362
0
0
0
2401
59
362
0
0
0
2401
59
362
0
0
0
2401
59
362
0
0
0
2401
59
362
0
0
0
2401
59
362
0
0
0
2401
59
362
0
0
0
2401
59
362
0
0
0
2401
59
362
0
0
0
2401
59
362
0
0
0
2401
59
362
0
0
0
2401
59
362
0
0
0
2401
59
362
0
0
0
2401
59
362
0
0
0
2401
59
362
0
0
0
2401
59
362
0
0
0
2401
59
362
0
0
0
1866
67
947
0
495
1656
0
1002
2931
0
4935
2152
0
4488
3236
3183
8857
0
0
8532
2280
5240
6063
0
0
9990
0
4724
0
17
6366
6866
0
0
0
3214
6924
2837
0
0
0
1723
3795
683
0
0
0
0
2441
73
325
0
0
0
2401
59
362
0
0
0
2401
59
362
0
0
0
2401
59
362
0
0
0
2401
59
362
0
0
0
2401
59
362
0
0
0
2401
59
362
0
0
0
2401
59
362
0
0
0
2401
59
362
0
0
0
2401
59
362
0
0
0
2401
59
362
0
0
0
2401
59
362
0
0
0
2401
59
362
0
0
0
2401
59
362
0
0
0
2401
59
362
0
0
0
2401
59
362
0
0
0
2401
59
362
0
0
0
2314
60
477
0
0
513
0
236
1986
0
2278
2973
0
2880
3029
649
7979
561
0
6992
2497
4707
8538
0
0
9962
297
5186
1336
0
3959
8701
0
1386
0
1668
6641
4536
0
0
0
3013
4735
1182
0
0
0
523
2739
177
49
0
0
0
2401
59
362
0
0
0
2401
59
362
0
0
0
2401
59
362
0
0
0
2401
59
362
0
0
0
2401
59
362
0
0
0
2401
59
362
0
0
0
2401
59
362
0
0
0
2401
59
362
0
0
0
2401
59
362
0
0
0
2401
59
362
0
0
0
2401
59
362
0
0
0
2401
59
362
0
0
0
2401
59
362
0
0
0
2401
59
362
0
0
0
2401
59
362
0
0
0
2401
59
362
0
0
0
2401
59
362
0
0
0
1746
71
958
0
581
1969
0
1201
2766
0
5266
2596
0
5234
2495
3332
9380
0
0
8844
1880
4656
5950
0
0
9764
0
4702
0
0
5189
5976
0
0
0
2273
5323
2048
0
0
0
660
2915
275
0
0
0
0
2401
59
362
0
0
0
2401
59
362
0
0
0
2401
59
362
0
0
0
2401
59
362
0
0
0
2401
59
362
0
0
0
2401
59
362
0
0
0
2401
59
362
0
0
0
2401
59
362
0
0
0
2401
59
362
0
0
0
2401
59
362
0
0
0
2401
59
362
0
0
0
2401
59
362
0
0
0
2401
59
362
0
0
0
2401
59
362
0
0
0
2401
59
362
0
0
0
2401
59
362
0
0
0
2401
59
362
0
0
0
2323
60
464
0
0
343
0
315
2931
0
3420
2444
0
3669
3533
2271
8604
0
0
7846
3295
4498
8134
0
0
10115
1177
4004
2441
0
2093
8427
0
3255
0
0
4404
4763
0
0
0
1940
3926
788
0
0
0
74
2490
90
279
0
0
0
2401
59
362
0
0
0
2401
59
362
0
0
0
2401
59
362
0
0
0
2401
59
362
0
0
0
2401
59
362
0
0
0
2401
59
362
0
0
0
2401
59
362
0
0
0
2401
59
362
0
0
0
2401
59
362
0
0
0
2401
59
362
0
0
0
2401
59
362
0
0
0
2401
59
362
0
0
0
2401
59
362
0
0
0
2401
59
362
0
0
0
2401
59
362
0
0
0
2401
59
362
0
0
0
2401
59
362
0
0
0
1894
69
793
0
394
3779
0
1187
3076
0
6873
2280
0
5096
2655
5163
9008
0
0
9639
2581
4686
4650
130
0
10159
0
4002
0
0
4918
5928
0
374
0
39
4690
3071
0
0
0
488
2764
202
70
0
0
0
2401
59
362
0
0
0
2401
59
362
0
0
0
2401
59
362
0
0
0
2401
59
362
0
0
0
2401
59
362
0
0
0
2401
59
362
0
0
0
2401
59
362
0
0
0
2401
59
362
0
0
0
2401
59
362
0
0
0
2401
59
362
0
0
0
2401
59
362
0
0
0
2401
59
362
0
0
0
2401
59
362
0
0
0
2401
59
362
0
0
0
2401
59
362
0
0
0
2401
59
362
0
0
0
2401
59
362
0
0
0
2314
60
477
0
0
364
564
285
1542
0
1754
4849
0
4156
1557
21
9924
3251
0
7109
519
5335
8371
427
0
10572
0
4132
0
0
3533
9088
0
1783
0
1507
7118
4120
0
0
0
2503
4838
1439
0
0
0
0
2441
73
325
0
0
0
2401
59
362
0
0
0
2401
59
362
0
0
0
2401
59
362
0
0
0
2401
59
362
0
0
0
2401
59
362
0
0
0
2401
59
362
0
0
0
2401
59
362
0
0
0
2401
59
362
0
0
0
2401
59
362
0
0
0
2401
59
362
0
0
0
2401
59
362
0
0
0
2401
59
362
0
0
0
2401
59
362
0
0
0
2401
59
362
0
0
0
2401
59
362
0
0
0
2401
59
362
0
0
0
2381
59
388
0
0
0
1403
89
1357
0
986
831
0
1234
3334
0
4893
1926
0
6191
2641
3126
10224
0
0
8827
1252
4997
6108
0
84
10045
0
3717
0
0
5620
6670
0
0
0
2812
5778
2426
0
0
0
1460
3369
438
0
0
0
0
2401
59
362
0
0
0
2401
59
362
0
0
0
2401
59
362
0
0
0
2401
59
362
0
0
0
2401
59
362
0
0
0
2401
59
362
0
0
0
2401
59
362
0
0
0
2401
59
362
0
0
0
2401
59
362
0
0
0
2401
59
362
0
0
0
2401
59
362
0
0
0
2401
59
362
0
0
0
2401
59
362
0
0
0
2401
59
362
0
0
0
2401
59
362
0
0
0
2401
59
362
0
0
0
2401
59
362
0
0
0
2269
62
476
0
0
1186
0
330
2076
0
2959
2778
0
2612
3402
1266
7664
0
0
7358
2756
5138
7881
0
0
9806
0
5491
1128
0
4685
7552
0
886
0
1390
6444
3713
0
0
0
1741
3990
923
0
0
0
92
2500
94
270
0
0
0
2401
59
362
0
0
0
2401
59
362
0
0
0
2401
59
362
0
0
0
2401
59
362
0
0
0
2401
59
362
0
0
0
2401
59
362
0
0
0
2401
59
362
0
0
0
2401
59
362
0
0
0
2401
59
362
0
0
0
2401
59
362
0
0
0
2401
59
362
0
0
0
2401
59
362
0
0
0
2401
59
362
0
0
0
2401
59
362
0
0
0
2401
59
362
0
0
0
2401
59
362
0
0
0
2391
59
375
0
0
0
1740
109
940
0
615
2484
0
1705
2335
0
5914
3306
0
5485
1893
3459
9413
0
0
9056
1130
4744
4490
0
1026
9829
0
3526
0
0
5679
5821
0
0
0
2831
5279
1915
0
0
0
750
2942
277
0
0
0
0
2401
59
362
0
0
0
2401
59
362
0
0
0
2401
59
362
0
0
0
2401
59
362
0
0
0
2401
59
362
0
0
0
2401
59
362
0
0
0
2401
59
362
0
0
0
2401
59
362
0
0
0
2401
59
362
0
0
0
2401
59
362
0
0
0
2401
59
362
0
0
0
2401
59
362
0
0
0
2401
59
362
0
0
0
2401
59
362
0
0
0
2401
59
362
0
0
0
2401
59
362
0
0
0
2401
59
362
0
0
0
2185
62
617
0
107
370
0
395
2418
0
2832
2585
0
3623
3043
1297
8439
122
0
7518
2410
4510
8386
0
0
9814
223
4913
500
0
3198
7449
0
1179
0
0
4965
3721
0
0
0
1216
3509
707
0
0
0
38
2471
83
298
0
0
0
2401
59
362
0
0
0
2401
59
362
0
0
0
2401
59
362
0
0
0
2401
59
362
0
0
0
2401
59
362
0
0
0
2401
59
362
0
0
0
2401
59
362
0
0
0
2401
59
362
0
0
0
2401
59
362
0
0
0
2401
59
362
0
0
0
2401
59
362
0
0
0
2401
59
362
0
0
0
2401
59
362
0
0
0
2401
59
362
0
0
0
2401
59
362
0
0
0
2401
59
362
0
0
0
2401
59
362
0
0
256
1609
93
814
0
624
2704
0
1130
2702
0
5657
2619
0
5137
2407
3883
8979
0
0
9051
2008
4580
5492
0
0
9624
0
4831
0
0
5415
5651
0
0
0
2350
5335
1878
0
0
0
453
2789
228
92
0
0
0
2401
59
362
0
0
0
2401
59
362
0
0
0
2401
59
362
0
0
0
2401
59
362
0
0
0
2401
59
362
0
0
0
2401
59
362
0
0
0
2401
59
362
0
0
0
2401
59
362
0
0
0
2401
59
362
0
0
0
2401
59
362
0
0
0
2401
59
362
0
0
0
2401
59
362
0
0
0
2401
59
362
0
0
0
2401
59
362
0
0
0
2401
59
362
0
0
0
2401
59
362
0
0
0
2401
59
362
0
0
0
2401
59
362
0
0
826
1606
397
315
0
906
5412
0
2761
0
470
6479
6786
0
5225
0
3976
6407
5733
1752
8079
0
2932
591
1599
7267
6631
0
1616
0
1248
6201
3948
0
0
0
2090
3876
690
0
0
0
56
2480
87
289
0
0
0
2401
59
362
0
0
0
2401
59
362
0
0
0
2401
59
362
0
0
0
2401
59
362
0
0
0
2401
59
362
0
0
0
2401
59
362
0
0
0
2401
59
362
0
0
0
2401
59
362
0
0
0
2401
59
362
0
0
0
2401
59
362
0
0
0
2401
59
362
0
0
0
2401
59
362
0
0
0
2401
59
362
0
0
0
2401
59
362
0
0
0
2401
59
362
0
0
0
2401
59
362
0
0
0
2401
59
362
0
0
0
2401
59
362
0
0
575
2371
642
0
60
646
4381
2765
3514
0
837
4450
8215
6308
4799
0
1494
3381
10485
9420
5781
0
0
0
6897
9814
2727
0
0
0
3372
5623
1668
0
0
0
290
2632
148
170
0
0
0
2401
59
362
0
0
0
2401
59
362
0
0
0
2401
59
362
0
0
0
2401
59
362
0
0
0
2401
59
362
0
0
0
2401
59
362
0
0
0
2401
59
362
0
0
0
2401
59
362
0
0
0
2401
59
362
0
0
0
2401
59
362
0
0
0
2401
59
362
0
0
0
2401
59
362
0
0
0
2401
59
362
0
0
0
2401
59
362
0
0
0
2401
59
362
0
0
0
2401
59
362
0
0
0
2401
59
362
0
0
0
2401
59
362
0
0
0
2401
59
362
0
0
39
2581
336
124
0
99
1105
3649
1803
0
0
1486
3246
5333
2533
0
0
1279
5062
6344
2675
0
0
0
4218
5295
1012
0
0
0
1874
3538
471
0
0
0
0
2421
66
344
0
0
0
2401
59
362
0
0
0
2401
59
362
0
0
0
2401
59
362
0
0
0
2401
59
362
0
0
0
2401
59
362
0
0
0
2401
59
362
0
0
0
2401
59
362
0
0
0
2401
59
362
0
0
0
2401
59
362
0
0
0
2401
59
362
0
0
0
2401
59
362
0
0
0
2401
59
362
0
0
0
2401
59
362
0
0
