2 121 16 2 1 16
36238820 -24389602 -82750000 -54513536 -53092136 -21712372 11447144 -32244418 -15547840 -8571318 50052612 -30150212 -25449240 -59061220 -19962756 -31169132
3872
0 -23829925 -287802
0 -9757664 -567049
0 -75621896 343557
0 -91091539 1128965
0 -51578282 656847
0 -28411033 -372762
0 54308219 -1123006
0 16725366 91214
0 -54476289 -300310
0 -81898110 1284135
0 -126386239 -219598
0 17981089 439904
0 -9111795 -299425
0 -23901955 -377541
0 -4768386 -207857
0 35268289 63130
0 -23829925 -287802
0 -9757664 -567049
0 -75621896 343557
0 -91091539 1128965
0 -51578282 656847
0 -28411033 -372762
0 54308219 -1123006
0 16725366 91214
0 -54476289 -300310
0 -81898110 1284135
0 -126386239 -219598
0 17981089 439904
0 -9111795 -299425
0 -23901955 -377541
0 -4768386 -207857
0 35268289 63130
0 -23829925 -287802
0 -9757664 -567049
0 -75621896 343557
0 -91091539 1128965
0 -51578282 656847
0 -28411033 -372762
0 54308219 -1123006
0 16725366 91214
0 -54476289 -300310
0 -81898110 1284135
0 -126386239 -219598
0 17981089 439904
0 -9111795 -299425
0 -23901955 -377541
0 -4768386 -207857
0 35268289 63130
0 -23829925 -287802
0 -9757664 -567049
0 -75621896 343557
0 -91091539 1128965
0 -51578282 656847
0 -28411033 -372762
0 54308219 -1123006
0 16725366 91214
0 -54476289 -300310
0 -81898110 1284135
0 -126386239 -219598
0 17981089 439904
0 -9111795 -299425
0 -23901955 -377541
0 -4768386 -207857
0 35268289 63130
0 -23829925 -287802
0 -9757664 -567049
0 -75621896 343557
0 -91091539 1128965
0 -51578282 656847
0 -28411033 -372762
0 54308219 -1123006
0 16725366 91214
0 -54476289 -300310
0 -81898110 1284135
0 -126386239 -219598
0 17981089 439904
0 -9111795 -299425
0 -23901955 -377541
0 -4768386 -207857
0 35268289 63130
6884366 -23896021 1817048
2038314 -9873196 -2121566
3326285 -75968016 2620712
939324 -90902091 1574900
-3742037 -51964454 6215023
-843005 -28372953 -238874
-691111 54148555 -6030679
6030703 16532518 3238405
12628509 -54135337 148795
3909341 -81743750 -467070
-2366247 -126153475 -4839345
2667862 17920841 6358706
-1234099 -9503339 -1180659
-685191 -23514899 -758758
1998327 -4756146 1079704
-2922086 35393341 -7097628
24880973 -15936600 25495088
809428 -15169454 -16321533
24573110 -63873840 10172483
-2946186 -76674407 24204254
-21626508 -64206854 61279446
-2952528 -25438104 -3766632
-11375193 31702570 -47510954
9846834 -935350 16955404
45701602 -16356149 -11260343
26852120 -67853910 -5635425
-33915486 -102365566 -51824469
11801865 26588312 49192377
9317996 -21545648 -2365294
30603879 -17743754 -5937090
868380 -4415660 -117256
-8287520 34072015 -65514711
15151998 7175673 15058071
-4775278 -8426491 -23805830
31250000 -52511293 -5473687
-32815066 -60120790 63269627
-50439876 -58650097 84479878
-13666894 -15861881 -18072674
-13913726 33240340 -75484471
-31081893 15281531 -39709717
40076714 -35347756 -15920258
8688077 -41382202 29465872
45698792 -61914890 -40127313
-15429089 16766525 57635396
-947071 -25710158 -36406636
21148903 -21002263 -19365007
-5846722 2103068 -2852161
14233212 14675429 -62339476
-12313775 -34656309 -53269585
-1281589 -4159168 -29256111
31470276 -40935575 12365586
-5949616 -73508605 55868210
-61978077 -27437549 25805366
-4213209 -11586875 -25380358
-26946234 43581308 -100084930
-7842705 10040200 -9005986
-3051667 -55285745 5945377
21693681 -54273821 52833777
17846880 -97529184 11065602
-6871896 2010523 18689054
7557003 2677479 -76431936
16609693 -29132718 -2674262
-5459518 -9750353 -7137240
-8107056 19350419 37412202
0 -28924593 -51713099
0 -5789933 -20173376
0 -67786055 25979027
0 -85431473 16992014
0 -32671728 -8837753
0 -26659880 -13443878
0 51903843 -69556099
0 18169512 50559939
0 -57923103 6484167
0 -77520172 27235768
0 -120751250 -1513354
0 12159367 -3561759
0 -2658901 -40097077
0 -22707750 8140848
0 -5482308 -11017632
0 32123134 36821583
0 -23829925 -287802
0 -9757664 -567049
0 -75621896 343557
0 -91091539 1128965
0 -51578282 656847
0 -28411033 -372762
0 54308219 -1123006
0 16725366 91214
0 -54476289 -300310
0 -81898110 1284135
0 -126386239 -219598
0 17981089 439904
0 -9111795 -299425
0 -23901955 -377541
0 -4768386 -207857
0 35268289 63130
0 -23829925 -287802
0 -9757664 -567049
0 -75621896 343557
0 -91091539 1128965
0 -51578282 656847
0 -28411033 -372762
0 54308219 -1123006
0 16725366 91214
0 -54476289 -300310
0 -81898110 1284135
0 -126386239 -219598
0 17981089 439904
0 -9111795 -299425
0 -23901955 -377541
0 -4768386 -207857
0 35268289 63130
0 -23829925 -287802
0 -9757664 -567049
0 -75621896 343557
0 -91091539 1128965
0 -51578282 656847
0 -28411033 -372762
0 54308219 -1123006
0 16725366 91214
0 -54476289 -300310
0 -81898110 1284135
0 -126386239 -219598
0 17981089 439904
0 -9111795 -299425
0 -23901955 -377541
0 -4768386 -207857
0 35268289 63130
0 -23829925 -287802
0 -9757664 -567049
0 -75621896 343557
0 -91091539 1128965
0 -51578282 656847
0 -28411033 -372762
0 54308219 -1123006
0 16725366 91214
0 -54476289 -300310
0 -81898110 1284135
0 -126386239 -219598
0 17981089 439904
0 -9111795 -299425
0 -23901955 -377541
0 -4768386 -207857
0 35268289 63130
0 -23829925 -287802
0 -9757664 -567049
0 -75621896 343557
0 -91091539 1128965
0 -51578282 656847
0 -28411033 -372762
0 54308219 -1123006
0 16725366 91214
0 -54476289 -300310
0 -81898110 1284135
0 -126386239 -219598
0 17981089 439904
0 -9111795 -299425
0 -23901955 -377541
0 -4768386 -207857
0 35268289 63130
0 -23829925 -287802
0 -9757664 -567049
0 -75621896 343557
0 -91091539 1128965
0 -51578282 656847
0 -28411033 -372762
0 54308219 -1123006
0 16725366 91214
0 -54476289 -300310
0 -81898110 1284135
0 -126386239 -219598
0 17981089 439904
0 -9111795 -299425
0 -23901955 -377541
0 -4768386 -207857
0 35268289 63130
27432138 -24789553 12201697
5879234 -11928339 -9136412
17138164 -81350278 10891341
1606496 -87507913 5663454
-16086167 -58687261 31318002
-2490084 -27662969 -181139
-4015605 50952003 -27157858
22047837 12883650 15968233
48677447 -47514963 176315
19950753 -78870068 -7368542
-24573606 -121715176 -26043756
11368247 17167019 31126616
1930019 -16265817 -3366539
8883839 -17089387 -2299358
5437611 -4548298 5124217
-11965437 37467404 -37744041
28865586 -756210 36114328
-2246097 -9900570 -22839764
65966041 -43815186 7633522
-16418071 -46279821 62591690
-52661797 -50061995 101427369
-8824102 -24804258 -12137212
-22058686 16989070 -71218604
-14998337 2768457 -6090125
66112837 -10379019 -34467424
53889204 -53347515 15721657
-10035691 -85781607 -84015519
8855231 29570912 66742489
6272798 -18283021 -15114396
42117938 -503025 -20187147
976497 -3100187 -9523084
1220850 10806775 -99078887
20179930 6446317 14074926
-7952056 -8853817 -38994814
62190458 -47612225 -4784855
-24502981 -53924792 112301220
-93004865 -62240013 109448589
-16415636 -6909810 -30877734
-28423372 33808695 -90642028
-47433279 11415197 -65620953
22006879 -23161622 -37484258
23513018 -34050825 69622392
47165592 -38660638 -39803451
-27600768 7523965 66308354
5204036 -14151988 -54856254
17595563 -15381739 -27256668
-9665256 3375297 -11853954
9839262 22395220 -35952721
-16177725 -38420710 -82748601
622294 2340292 -44588873
21061914 -38912336 29471233
14456535 -68146190 66013181
-56263498 2579310 11781598
-9739754 -14681811 -33428823
-7273880 42322780 -127505576
5741551 16798324 14866210
7046050 -61799098 16466405
19539434 -54934546 92097309
24468178 -93407514 33693927
-22052733 -3898433 16984852
31061632 10268991 -79713608
112638 -23861746 -9494489
-7005633 -8220442 -9605324
-14341433 18850458 66675766
0 -28084585 -70478938
0 -7116359 -26077171
0 -68720231 35463440
0 -87555184 13415937
0 -39230792 -21386827
0 -26477698 -16374760
0 52309409 -84963602
0 16890261 72487144
0 -57109059 14683942
0 -78093480 42716702
0 -122885974 6318986
0 13874839 -7410375
0 -4716405 -39199303
0 -23934490 4917954
0 -5824401 -13509033
0 32123224 42506114
0 -23829925 -287802
0 -9757664 -567049
0 -75621896 343557
0 -91091539 1128965
0 -51578282 656847
0 -28411033 -372762
0 54308219 -1123006
0 16725366 91214
0 -54476289 -300310
0 -81898110 1284135
0 -126386239 -219598
0 17981089 439904
0 -9111795 -299425
0 -23901955 -377541
0 -4768386 -207857
0 35268289 63130
0 -23829925 -287802
0 -9757664 -567049
0 -75621896 343557
0 -91091539 1128965
0 -51578282 656847
0 -28411033 -372762
0 54308219 -1123006
0 16725366 91214
0 -54476289 -300310
0 -81898110 1284135
0 -126386239 -219598
0 17981089 439904
0 -9111795 -299425
0 -23901955 -377541
0 -4768386 -207857
0 35268289 63130
0 -23829925 -287802
0 -9757664 -567049
0 -75621896 343557
0 -91091539 1128965
0 -51578282 656847
0 -28411033 -372762
0 54308219 -1123006
0 16725366 91214
0 -54476289 -300310
0 -81898110 1284135
0 -126386239 -219598
0 17981089 439904
0 -9111795 -299425
0 -23901955 -377541
0 -4768386 -207857
0 35268289 63130
0 -23829925 -287802
0 -9757664 -567049
0 -75621896 343557
0 -91091539 1128965
0 -51578282 656847
0 -28411033 -372762
0 54308219 -1123006
0 16725366 91214
0 -54476289 -300310
0 -81898110 1284135
0 -126386239 -219598
0 17981089 439904
0 -9111795 -299425
0 -23901955 -377541
0 -4768386 -207857
0 35268289 63130
0 -23829925 -287802
0 -9757664 -567049
0 -75621896 343557
0 -91091539 1128965
0 -51578282 656847
0 -28411033 -372762
0 54308219 -1123006
0 16725366 91214
0 -54476289 -300310
0 -81898110 1284135
0 -126386239 -219598
0 17981089 439904
0 -9111795 -299425
0 -23901955 -377541
0 -4768386 -207857
0 35268289 63130
2513727 -23829925 -175066
774795 -9757664 -654513
1168080 -75621896 489729
372561 -91091539 1139053
-1352241 -51578282 971031
-318867 -28411033 -360802
-235029 54308219 -1406146
2228772 16725366 280026
4633227 -54476289 -261310
1372965 -81898110 1179251
-662226 -126386239 -480014
965079 17981089 789344
-543063 -9111795 -363645
-407886 -23901955 -401773
764433 -4768386 -120809
-1063047 35268289 -355366
31781118 -21353737 29036149
653978 -14715366 -16275645
43613035 -76127587 8043342
-2898351 -81472877 23983629
-27239980 -65254389 58239252
180358 -26218649 -3550837
-9820582 40384308 -41863133
17436067 4181014 19462572
53095114 -29120903 -13723228
45171119 -72466583 -6946919
-72065252 -110481547 -52019601
17286547 21298121 44904998
20281338 -22380261 5068423
42796436 -14757208 -3723499
539997 -4412857 -1550120
-14558317 37569354 -60193725
26931521 15337783 57623760
-10557095 -3658310 -33412110
81550688 -20119265 -4479631
-53709793 -48232356 104361031
-72861998 -36710736 132043574
-17729258 -20671518 -23558826
-7693258 19769534 -79892473
-49952477 14209743 -43242212
57711815 -24118754 -55350787
48749012 -45139128 43728918
15118667 -70889363 -98793138
-25811075 30371484 76680966
21605852 -7292211 -12708000
38495046 -23105639 -30469294
-9650417 -443656 -10151281
17601483 -2609196 -105218954
8853203 -22804284 -8161551
-3310869 -3392735 -49704446
60103074 -21391664 7248704
-21879511 -74949335 144182128
-109713294 -11365392 102821569
-22566012 -12142887 -41466970
-17818589 48212337 -118741654
-20448707 2009208 -70443563
26733322 -48158552 -39471515
43149141 -48524640 116219174
33668653 -76831351 -24059358
-45896708 10015078 56662006
38638548 26765863 -66595801
2464508 -45192093 -35155688
-11205688 -5016717 -13280918
-13483439 34975343 7545756
-11008345 -54242219 -105218219
1679868 -7644910 -55970647
956619 -70540868 45082993
14989501 -59052700 66694396
-28674831 21458516 -6441588
-15126421 -32351893 -37697571
6660922 59039807 -139408833
9281075 14004020 47023582
26914830 -60887860 22842615
14744029 -75326744 117642326
34860847 -123964955 49686937
-25557727 3916029 10823048
34556936 15624289 -74751995
-8462242 -32982483 -11309994
-4131975 -6679274 -14031887
-11338357 58454534 93152720
128925 -20722315 -73826639
-654939 -14053182 -26016604
13165821 -93966745 37711886
5059017 -65793545 5753064
-17238132 -40441926 -30960197
2088585 -34899115 -15466148
-10276182 59082026 -81660035
-4713498 28717663 79398083
-5791311 -52819047 20960811
2026701 -83672438 50055693
1914966 -124651391 13710550
3668346 16617403 -10365410
-5162157 -15035708 -27057551
5646915 -26817667 -315753
-936855 -527670 -12138442
453816 45475353 38240877
0 -23829925 -287802
0 -9757664 -567049
0 -75621896 343557
0 -91091539 1128965
0 -51578282 656847
0 -28411033 -372762
0 54308219 -1123006
0 16725366 91214
0 -54476289 -300310
0 -81898110 1284135
0 -126386239 -219598
0 17981089 439904
0 -9111795 -299425
0 -23901955 -377541
0 -4768386 -207857
0 35268289 63130
0 -23829925 -287802
0 -9757664 -567049
0 -75621896 343557
0 -91091539 1128965
0 -51578282 656847
0 -28411033 -372762
0 54308219 -1123006
0 16725366 91214
0 -54476289 -300310
0 -81898110 1284135
0 -126386239 -219598
0 17981089 439904
0 -9111795 -299425
0 -23901955 -377541
0 -4768386 -207857
0 35268289 63130
0 -23829925 -287802
0 -9757664 -567049
0 -75621896 343557
0 -91091539 1128965
0 -51578282 656847
0 -28411033 -372762
0 54308219 -1123006
0 16725366 91214
0 -54476289 -300310
0 -81898110 1284135
0 -126386239 -219598
0 17981089 439904
0 -9111795 -299425
0 -23901955 -377541
0 -4768386 -207857
0 35268289 63130
0 -23829925 -287802
0 -9757664 -567049
0 -75621896 343557
0 -91091539 1128965
0 -51578282 656847
0 -28411033 -372762
0 54308219 -1123006
0 16725366 91214
0 -54476289 -300310
0 -81898110 1284135
0 -126386239 -219598
0 17981089 439904
0 -9111795 -299425
0 -23901955 -377541
0 -4768386 -207857
0 35268289 63130
0 -23829925 -285634
0 -9757664 -568731
0 -75621896 346368
0 -91091539 1129159
0 -51578282 662889
0 -28411033 -372532
0 54308219 -1128451
0 16725366 94845
0 -54476289 -299560
0 -81898110 1282118
0 -126386239 -224606
0 17981089 446624
0 -9111795 -300660
0 -23901955 -378007
0 -4768386 -206183
0 35268289 55082
10484976 -24162349 3598428
2271084 -10338722 -3530308
6334035 -77362676 5063036
623334 -90138727 1661613
-6084237 -53520500 11284004
-982185 -28219513 -24800
-1525251 53505203 -10634299
8454873 15755454 6334601
18630009 -52761501 850551
7440621 -81121770 -2188780
-9110397 -125215573 -9031152
4310232 17678077 12071374
643461 -11081031 -2295197
3260139 -21955291 -1163267
2094507 -4706826 2553899
-4557096 35897227 -13918049
27975595 -10921456 45881465
282728 -12990998 -21731746
81772259 -55303712 14223626
-4332904 -63941123 54968526
-43626138 -56304060 94266898
1160753 -25906888 -8122974
-11522357 25818842 -54327857
4254878 -321736 12128920
51872120 -13925633 -39659014
70770982 -62654228 8678854
-64889085 -97413436 -92057149
17886790 28346180 61958650
16257834 -18741622 1579580
37534139 -10242000 -16122012
3493974 -4157102 -7939638
-10423561 25461963 -95046944
32764412 9666810 61325463
-8333426 182593 -41431657
75446257 -38918915 -6977224
-32783466 -46761958 147924431
-74486231 -27844713 157206138
-22413699 -17282770 -31707973
-5425223 42345107 -80042129
-58045939 28748087 -81773862
35286243 -56854372 -75467567
40730127 -42993814 83609995
47634115 -66293555 -92034283
-41097857 12148744 86522875
12105971 1400309 -23000326
-6962051 -16194132 -46282285
-5073693 2658838 -19717792
15302840 5351253 -91904521
-8526426 -66965118 -45154521
-2286829 1382377 -63776856
37284189 -65599056 18397529
37850044 -74612224 151442047
-76774619 16044702 71953526
-16317549 -23717594 -50988367
-4559002 73800008 -124544648
4128278 22482049 -51602155
5407447 -89134080 -33012870
39113227 -86110281 160680880
5806198 -144182572 13073678
-39487090 -11536830 39443053
61954796 41628623 -71140895
-3572886 -11505689 -38976894
-11516148 -12418661 -21326544
-25489838 44040383 60702038
4343035 -36818331 -117891817
-364425 -7897823 -57283841
1668445 -109006453 61100075
5291453 -82556444 52441046
-9432127 -20608715 -29946748
-8948226 -48678158 -34925118
22281098 68390613 -140143644
2460499 34933829 83533976
22250088 -56121056 31357681
-4687031 -122007367 126694646
15456517 -165442645 56019168
-23668455 16879023 163883
25389910 11947170 -56386804
-10954425 -1575267 -12782847
-5104994 -2135983 -13830746
1135696 58470683 102885070
-7336227 -5941787 -62122775
-164292 -12210399 -21319232
5697495 -102932122 31066117
-9455850 -104537501 -2107134
-19563541 -73179324 -31936421
-4446396 -39682094 -11755226
-6286660 61172016 -59616983
-354612 22594253 68811595
3730314 -46079929 21028587
10946682 -100014644 46747766
8448572 -129284358 18219510
-7296301 28563829 -9634917
8929464 -15143308 -11786265
4735584 -10807226 -5299650
-2243236 3384410 -10392420
-5073195 50945318 25384443
0 -23829925 -287802
0 -9757664 -567049
0 -75621896 343557
0 -91091539 1128965
0 -51578282 656847
0 -28411033 -372762
0 54308219 -1123006
0 16725366 91214
0 -54476289 -300310
0 -81898110 1284135
0 -126386239 -219598
0 17981089 439904
0 -9111795 -299425
0 -23901955 -377541
0 -4768386 -207857
0 35268289 63130
0 -23829925 -287802
0 -9757664 -567049
0 -75621896 343557
0 -91091539 1128965
0 -51578282 656847
0 -28411033 -372762
0 54308219 -1123006
0 16725366 91214
0 -54476289 -300310
0 -81898110 1284135
0 -126386239 -219598
0 17981089 439904
0 -9111795 -299425
0 -23901955 -377541
0 -4768386 -207857
0 35268289 63130
0 -23829925 -287802
0 -9757664 -567049
0 -75621896 343557
0 -91091539 1128965
0 -51578282 656847
0 -28411033 -372762
0 54308219 -1123006
0 16725366 91214
0 -54476289 -300310
0 -81898110 1284135
0 -126386239 -219598
0 17981089 439904
0 -9111795 -299425
0 -23901955 -377541
0 -4768386 -207857
0 35268289 63130
0 -23829925 -287802
0 -9757664 -567049
0 -75621896 343557
0 -91091539 1128965
0 -51578282 656847
0 -28411033 -372762
0 54308219 -1123006
0 16725366 91214
0 -54476289 -300310
0 -81898110 1284135
0 -126386239 -219598
0 17981089 439904
0 -9111795 -299425
0 -23901955 -377541
0 -4768386 -207857
0 35268289 63130
2737881 -23829925 99023
843885 -9757664 -866110
1272240 -75621896 838879
405783 -91091539 1167084
-1472823 -51578282 1730716
-347301 -28411033 -332953
-255987 54308219 -2089448
2427516 16725366 733937
5046381 -54476289 -170255
1495395 -81898110 927018
-721278 -126386239 -1109808
1051137 17981089 1630680
-591489 -9111795 -515417
-444258 -23901955 -459676
832599 -4768386 86193
-1157841 35268289 -1363927
18799395 -24903769 19609005
2034351 -14115693 -14538427
20133006 -84781744 16057947
-315228 -83823689 9684485
-15174936 -65407817 50958478
-1321722 -26810657 -503009
-5938560 46493157 -44356253
10801026 8352506 24465253
33601836 -38822051 71903
21142773 -75432442 -12262823
-26095053 -116108434 -41793787
9284172 17307303 49774927
5467314 -22862881 -5500769
16486245 -11613381 -3522588
2182113 -4356384 7321134
-7597398 39228868 -61033264
12494505 12003028 47889362
-7843590 -2290557 -29991304
81864255 -20768154 3119034
-20201687 -52183137 96375119
-50041070 -34086472 136506536
-2345717 -23332530 -20015598
-11560693 22468042 -92260288
-28586663 18312037 -23559342
24521207 -28690795 -55229977
59264447 -54869795 31972386
-34277375 -85947292 -112734116
-540631 31262146 81289679
19251376 -1806403 -22420758
40232814 -22130061 -29840212
-4811094 -2088293 -18404849
5131826 -5001016 -125560681
38283196 -35041060 39469177
-2763675 -2522956 -54234675
52697557 -57861517 -10530358
-26216460 -113031474 190318072
-76316212 -23321103 150500195
-21791123 -16586099 -48008664
1281082 80814518 -91825387
-22476124 17800558 -104116706
42776537 -87232538 -92693913
30545490 -74037524 125429532
17601628 -108996149 -74659521
-43446878 354982 66371082
27934898 29220904 -51520245
-11359740 -51650781 -42680698
-6373760 -3974602 -30283666
-4302297 53050467 -22144195
-7110061 -91542825 -74444672
5133505 -9258253 -65836375
26145457 -116042661 39870756
22192578 -124460517 131996994
-55373917 10417112 24281278
-21875514 -46783717 -48489351
4564696 97083953 -123823903
16283969 29652604 -11278747
56882857 -107304341 -12060240
42185129 -133892454 178241287
45572745 -216106385 48432402
-29607213 1273934 15438065
45214191 19322214 -56552277
-11798279 -53938764 -35199710
-1291296 -14657284 -15719703
-19617805 80588903 113960390
10116965 -20957474 -114520304
-2840657 -20349854 -50293419
30915656 -130520159 63187253
12264617 -120648372 24095802
-39296868 -81313130 -51719005
-2070355 -59076111 -27368941
-23622814 73473159 -114110810
-21325204 27282366 107544942
-3694096 -66784269 37066191
10127487 -131561234 117991954
17624286 -202029348 57328591
673472 46108241 -10580578
-10240103 -32391514 -25169258
6254094 -28762220 -15366563
-982436 -2893711 -14327325
3231956 55549503 86446322
-2215573 -9809435 -38776347
380670 -21443143 -12761807
9752148 -97252656 19478931
19066885 -106980250 -6478385
-17648660 -106481120 -24982494
-846082 -32912746 -6366702
-382840 61042370 -31660527
2661509 12078244 44910312
-873834 -44747393 16320665
1100926 -93761156 33162781
6461894 -142989984 16250754
-4910685 34634977 -7190003
8256620 -27977184 1701993
-3351418 -28340036 -7235502
-2113295 -3162077 -5781799
-3307741 43649838 11134468
0 -23829925 -287802
0 -9757664 -567049
0 -75621896 343557
0 -91091539 1128965
0 -51578282 656847
0 -28411033 -372762
0 54308219 -1123006
0 16725366 91214
0 -54476289 -300310
0 -81898110 1284135
0 -126386239 -219598
0 17981089 439904
0 -9111795 -299425
0 -23901955 -377541
0 -4768386 -207857
0 35268289 63130
0 -23829925 -287802
0 -9757664 -567049
0 -75621896 343557
0 -91091539 1128965
0 -51578282 656847
0 -28411033 -372762
0 54308219 -1123006
0 16725366 91214
0 -54476289 -300310
0 -81898110 1284135
0 -126386239 -219598
0 17981089 439904
0 -9111795 -299425
0 -23901955 -377541
0 -4768386 -207857
0 35268289 63130
0 -23829925 -287802
0 -9757664 -567049
0 -75621896 343557
0 -91091539 1128965
0 -51578282 656847
0 -28411033 -372762
0 54308219 -1123006
0 16725366 91214
0 -54476289 -300310
0 -81898110 1284135
0 -126386239 -219598
0 17981089 439904
0 -9111795 -299425
0 -23901955 -377541
0 -4768386 -207857
0 35268289 63130
0 -23829925 -285634
0 -9757664 -568731
0 -75621896 346368
0 -91091539 1129159
0 -51578282 662889
0 -28411033 -372532
0 54308219 -1128451
0 16725366 94845
0 -54476289 -299560
0 -81898110 1282118
0 -126386239 -224606
0 17981089 446624
0 -9111795 -300660
0 -23901955 -378007
0 -4768386 -206183
0 35268289 55082
13773627 -24466585 8084859
3199067 -10870509 -6876902
7992565 -78955846 10097919
1027759 -89266709 2506403
-7892928 -55298027 23258201
-1368334 -28044233 296625
-1881326 52770279 -21254088
11295683 14867786 13198213
24629526 -51192119 1924071
9389668 -80411260 -6009100
-10542853 -124144174 -18975165
5598219 17400759 24935544
192352 -12883285 -4301877
3168935 -20173695 -2002811
2997042 -4650486 5434818
-5958827 36472834 -29447644
21602203 -11776313 36035863
-846646 -14518910 -26468917
43746210 -62355139 13710263
-7411175 -73650407 47967320
-31996432 -66915686 108560725
-3720445 -23983229 -8650948
-13559523 29691912 -88591011
-2389329 1645879 15850251
44533360 -15706745 -20026311
38515739 -65110088 -3073682
-24698705 -97354204 -86170267
9685885 25842775 83895394
7982182 -24014294 -15893354
31429627 -16243097 -14449593
853829 -3767544 -4248986
-3478652 29140792 -115345366
12713544 6191733 49637813
-4078932 2831185 -45856932
80174930 -38297663 -12380626
-19217110 -58863216 158366411
-69370193 -24807783 163925300
-8713133 -19417053 -40128208
-11551669 45628357 -107077400
-38495835 31209725 -80152779
17447688 -71019942 -82471064
43119415 -47960655 81362436
28555457 -80847666 -111442821
-17392865 13339342 82783515
956583 783245 -48928852
-180446 -20149073 -39262999
-1595892 749091 -26394919
9499464 -194244 -95783171
17596803 -84389136 -18460043
-3314071 -3099004 -60410284
39839312 -98804492 14154878
21222853 -122128290 194355642
-54278514 -11905060 93592318
-11554966 -23911830 -54569110
-10140149 104913609 -110777251
234750 32267847 -79952159
14368936 -119711469 -73467309
45748620 -112795685 174104871
-35364487 -181260012 -20137671
-20863125 -19228157 28709348
45243973 37980663 -66525478
9893461 -35728680 -41322854
-6269660 -14705832 -30308366
-22414293 64565578 74130837
13471267 -64616832 -97887485
-4355682 -8475443 -63716296
19696330 -147069461 58936831
-3851368 -137037269 82389596
-30853018 -29309289 -28077134
-16937136 -65233586 -38976037
24694620 93098792 -100691358
-7558947 42289876 54917416
50371729 -97008944 10125258
6692494 -165939907 169396205
16962022 -245265448 72495564
-35436268 21774579 -5047240
44809291 3463274 -27785311
7780296 -11175212 -27934760
-11093627 -8860436 -15938755
4944022 70051475 132507696
-7228306 919975 -85452442
-3109471 -21607978 -31664877
30719255 -130743638 50698456
-32789082 -136125302 -4780313
-64746587 -127449880 -56027231
-11822384 -52059795 -14243160
-14766966 70574951 -67820590
-14262280 23282781 95998550
13778972 -49002023 36644149
22647519 -130695504 88518604
24449839 -181244905 48658546
-23877440 50476973 -13877592
20013262 -35527323 7758050
16130595 -13537377 -19674740
-8942679 1253569 -9218089
-4255525 52132457 45193974
-7551809 -14730225 -17356316
181436 -14274490 -6001552
2197515 -85322352 7640514
-7225900 -109121339 -5579392
-15500997 -84738246 -12549416
-5279532 -30720679 -2515844
-2011020 57291653 -8239600
2085246 11990952 20232943
5721338 -48819625 7709634
9932394 -90472818 17378039
8668224 -135160857 10674366
-9476967 28221553 -2511623
12324588 -17143781 4965915
1610728 -22364349 -5917356
-2211262 -3713878 -4111978
-5729565 39082519 825525
0 -23829925 -287802
0 -9757664 -567049
0 -75621896 343557
0 -91091539 1128965
0 -51578282 656847
0 -28411033 -372762
0 54308219 -1123006
0 16725366 91214
0 -54476289 -300310
0 -81898110 1284135
0 -126386239 -219598
0 17981089 439904
0 -9111795 -299425
0 -23901955 -377541
0 -4768386 -207857
0 35268289 63130
0 -23829925 -287802
0 -9757664 -567049
0 -75621896 343557
0 -91091539 1128965
0 -51578282 656847
0 -28411033 -372762
0 54308219 -1123006
0 16725366 91214
0 -54476289 -300310
0 -81898110 1284135
0 -126386239 -219598
0 17981089 439904
0 -9111795 -299425
0 -23901955 -377541
0 -4768386 -207857
0 35268289 63130
0 -23829925 -287802
0 -9757664 -567049
0 -75621896 343557
0 -91091539 1128965
0 -51578282 656847
0 -28411033 -372762
0 54308219 -1123006
0 16725366 91214
0 -54476289 -300310
0 -81898110 1284135
0 -126386239 -219598
0 17981089 439904
0 -9111795 -299425
0 -23901955 -377541
0 -4768386 -207857
0 35268289 63130
1942668 -23829925 205255
598780 -9757664 -948528
902720 -75621896 976618
287924 -91091539 1176590
-1045044 -51578282 2026774
-246428 -28411033 -321683
-181636 54308219 -2356253
1722448 16725366 911856
3580668 -54476289 -133505
1061060 -81898110 828185
-511784 -126386239 -1355200
745836 17981089 1959960
-419692 -9111795 -575932
-315224 -23901955 -482510
590772 -4768386 168219
-821548 35268289 -1758279
29370766 -23750677 25884579
4203626 -14370788 -17194501
27107773 -81980081 12221525
197866 -83294093 17656842
-21004954 -65585601 60313345
-1933335 -26576533 -2298753
-6904130 44500286 -49644859
19888988 6921470 24336925
51727310 -35513015 -5772973
29271176 -74503145 -11944073
-38564745 -114223861 -50155552
13706163 18637553 52808759
7267638 -22795273 -803191
20495136 -12874458 -3303905
4066324 -4374851 2994875
-12600505 38812578 -66925823
19809087 12860049 57641021
-6509073 -3193367 -34879748
65280619 -21892013 -4580048
-28010229 -50282348 111209750
-55747030 -36501031 145228674
-11199618 -22321486 -25142744
-17155874 20905646 -94377174
-33973740 16140487 -38428535
47582624 -25946046 -61701349
44353961 -50973408 41218342
10633511 -80088314 -115563079
-6269183 30795818 82626674
8493267 -5344169 -18553912
36013148 -21046787 -31187729
-3877352 -1506118 -17084806
10665575 -3790357 -122572588
21723889 -36859163 28738195
-2013824 -2256978 -57245625
59810908 -62335412 -6728613
-13134603 -115666281 197442322
-92788277 -25908904 142924560
-14941468 -14576046 -51467615
-21253079 84980190 -108139691
-20010567 22727039 -102834905
28426373 -94579160 -87080732
32429568 -74266461 139033055
23961250 -109758758 -65455303
-26054622 -4318703 60013132
15496628 26714095 -54209491
5254872 -54847159 -43147100
-6241416 -4068566 -28028413
-6579722 52100950 -3039419
-6246792 -108192950 -76619019
-415133 -11573858 -65979004
47961543 -146795487 43183860
13877019 -151996071 142202832
-48052556 -8923119 11856609
-9759113 -47171049 -51684112
-2847302 113119706 -109935693
1471197 33754726 -9198984
29263530 -126634711 -26663135
50223703 -148711402 196959992
728062 -239305867 43800158
-13395466 -7974718 -2793767
36323822 8022064 -49576480
10617087 -53277251 -38016229
-2930500 -16635776 -21013748
-12249140 92274540 132421670
16848571 -24020728 -103379695
-4508478 -21717037 -47135180
48130502 -149965511 71038512
-4309993 -155647339 26847130
-41654188 -111553297 -54543351
-5846898 -63686580 -22218035
-2895887 81712638 -89263058
-29087196 36765231 103027755
-3063261 -81395355 32182354
20969340 -155622061 129028077
7239904 -239690374 65381133
-19161560 50588387 -11043338
5335435 -48283464 -6285601
-9992245 -36243474 -23403624
-2823238 -5857643 -11379571
5132463 49814030 95261243
-5357996 -4476381 -46303962
905631 -23102224 -15794114
693259 -100064387 22596377
25305368 -145777752 -14602588
-17218501 -142855390 -34743588
-11330388 -36374997 -5933466
14315176 62062344 -20277106
8690575 3358758 54298897
5743676 -49932631 21183848
11621522 -106124578 47844566
13493997 -168207901 31289350
-28129345 49746067 -6805328
36077811 -40204110 14365513
-22427724 -31297113 -16136019
-3613563 -5792899 -9943258
-13158749 37411383 6701941
-847716 -22104153 -3703578
1045861 -13759838 -1714585
-4068003 -77052140 1494837
16168632 -97296233 -666283
2904978 -71169558 -2068161
-1952159 -27230315 -748410
10796318 55201773 -1313950
7279675 12325902 4040510
3940501 -52351833 1222250
-3082447 -82787482 4748583
2908424 -132950585 2523506
-6966089 22848937 61136
11425213 -15216121 1215647
-9764241 -28369725 -1854549
-758120 -6278088 -1416545
-2717171 34410979 -514070
0 -23829925 -287802
0 -9757664 -567049
0 -75621896 343557
0 -91091539 1128965
0 -51578282 656847
0 -28411033 -372762
0 54308219 -1123006
0 16725366 91214
0 -54476289 -300310
0 -81898110 1284135
0 -126386239 -219598
0 17981089 439904
0 -9111795 -299425
0 -23901955 -377541
0 -4768386 -207857
0 35268289 63130
0 -23829925 -287802
0 -9757664 -567049
0 -75621896 343557
0 -91091539 1128965
0 -51578282 656847
0 -28411033 -372762
0 54308219 -1123006
0 16725366 91214
0 -54476289 -300310
0 -81898110 1284135
0 -126386239 -219598
0 17981089 439904
0 -9111795 -299425
0 -23901955 -377541
0 -4768386 -207857
0 35268289 63130
0 -23829925 -281298
0 -9757664 -572095
0 -75621896 351990
0 -91091539 1129547
0 -51578282 674973
0 -28411033 -372072
0 54308219 -1139341
0 16725366 102107
0 -54476289 -298060
0 -81898110 1278084
0 -126386239 -234622
0 17981089 460064
0 -9111795 -303130
0 -23901955 -378939
0 -4768386 -202835
0 35268289 38986
15344158 -24799981 5937928
3987046 -11453266 -5165381
8259900 -80701716 7018185
1554938 -88311111 2491326
-8597350 -57245924 17097716
-1677594 -27852153 7794
-1855782 51964915 -15643274
12954396 13895038 9354400
27744330 -49472317 1001268
9705294 -79632650 -3878541
-8948360 -122970085 -13868627
6111086 17096861 17905164
-1067082 -14858279 -2882791
1344544 -18221339 -1497746
3820734 -4588746 3553992
-6584078 37103611 -21077291
20104329 -8434230 44655709
-4591163 -13582958 -24577410
55196577 -59137098 12503514
-8581269 -68526839 56462691
-35173446 -65780718 103544459
-1624142 -23473422 -9335700
-17287332 27050926 -69073321
-7561371 2978872 11829930
39767828 -14696573 -35056191
49800740 -62344954 5668726
-48769519 -93651274 -93165176
12583269 26031466 71277345
17645194 -24283852 -3886803
50111595 -13349844 -15979435
-2514026 -3401868 -7951125
-3642377 24389133 -104814307
29820214 8802480 63391196
-5617183 5003861 -44998052
78988687 -25610876 -10009939
-39812500 -61110352 164287313
-81732409 -17931920 165768365
-15550877 -18159498 -37498683
-4895360 45235620 -87912505
-39892045 31569487 -88152502
41609805 -70951730 -88071285
36790626 -47950405 92054463
24998440 -78850611 -106897760
-30716273 14981732 84069693
12505097 10544171 -29777888
7457073 -27526269 -46670039
-6553352 438917 -24020872
10898440 -2990174 -92512599
9299979 -93309550 -27557913
-766827 -3572254 -63797528
39994394 -102532398 19942074
2612128 -131861597 190191361
-77144092 -2282952 84479355
-21218343 -26226687 -55402916
-13853558 112313502 -107359758
4901627 28813978 -74515936
45843989 -125839235 -67060735
53962672 -117481534 190683447
136390 -188168011 -6228998
-29750158 -20020451 29098151
52310607 44319979 -61250629
15407299 -43993120 -49376606
-7251104 -15119304 -29420209
-25048721 77553090 75175504
7286845 -70043228 -111497651
-2327611 -14561979 -64375433
47068262 -158591493 68594761
-3403504 -148082053 74746853
-51192425 -38101446 -33418786
-11824777 -67477197 -37509588
3517705 97926815 -110621816
-17348424 41660643 70063072
35708564 -93225458 18334023
23025807 -174140017 170941818
32284964 -254960163 77389188
-21655811 24320279 -2425813
19212502 -5175385 -34298847
3337124 -30962243 -29295129
-5002967 -9210750 -16482229
5865986 83451710 131081001
-1234612 5049218 -86315581
-2768037 -23069521 -30861195
28802147 -132100140 48556323
-3064852 -147833531 -8343820
-50559679 -135656817 -53952682
-7549454 -54570416 -13620051
-17699892 69974475 -63496407
-14913125 20424991 97661906
-6996718 -56208218 34317427
22348164 -128196873 83319548
12856951 -186658978 45590853
-16579193 57840115 -12221194
12232567 -49609879 4506995
1692150 -24732256 -19102910
-4631421 1199950 -13546815
-7171097 48855999 37140956
-3208420 -18298753 -11864419
1370927 -18265790 -4387554
-4510113 -80768102 4599276
18353032 -107153458 -4436946
-725154 -96104186 -8484571
-3958301 -26849407 -1706848
13051898 56722091 -3182375
9775201 7432749 13569341
6592079 -49111305 4951963
-1075933 -85760298 12746625
6124568 -140696971 8432526
-11473091 29565565 -1086452
17905591 -22386393 4307073
-11863123 -31686463 -4961523
-1582792 -7259547 -3814876
-5050961 34690939 -1057405
0 -23829925 -287802
0 -9757664 -567049
0 -75621896 343557
0 -91091539 1128965
0 -51578282 656847
0 -28411033 -372762
0 54308219 -1123006
0 16725366 91214
0 -54476289 -300310
0 -81898110 1284135
0 -126386239 -219598
0 17981089 439904
0 -9111795 -299425
0 -23901955 -377541
0 -4768386 -207857
0 35268289 63130
0 -23829925 -287802
0 -9757664 -567049
0 -75621896 343557
0 -91091539 1128965
0 -51578282 656847
0 -28411033 -372762
0 54308219 -1123006
0 16725366 91214
0 -54476289 -300310
0 -81898110 1284135
0 -126386239 -219598
0 17981089 439904
0 -9111795 -299425
0 -23901955 -377541
0 -4768386 -207857
0 35268289 63130
0 -23829925 -287802
0 -9757664 -567049
0 -75621896 343557
0 -91091539 1128965
0 -51578282 656847
0 -28411033 -372762
0 54308219 -1123006
0 16725366 91214
0 -54476289 -300310
0 -81898110 1284135
0 -126386239 -219598
0 17981089 439904
0 -9111795 -299425
0 -23901955 -377541
0 -4768386 -207857
0 35268289 63130
1974690 -23839645 449913
608650 -9774654 -1136242
917600 -75672796 1281378
292670 -91063679 1205492
-1062270 -51635072 2700264
-250490 -28405433 -298185
-184630 54284739 -2960557
1750840 16697006 1311338
3639690 -54426149 -56395
1078550 -81875410 606099
-520220 -126352009 -1913668
758130 17972229 2701832
-426610 -9169375 -706576
-320420 -23845035 -533076
600510 -4766586 347863
-835090 35286679 -2648681
21796296 -22419605 23278306
1064784 -14641333 -16444279
23103686 -78892748 15753317
-1834522 -82674797 14276428
-16817578 -65836755 58592440
-899408 -26293909 -1375026
-6715626 42287645 -49491133
12506376 5397904 25180454
37276638 -31878119 -2855351
25216264 -73442388 -12175198
-40620384 -112076188 -48470827
10773776 20080263 54361511
11103270 -22767635 -4716968
25763698 -14238395 -4214651
746296 -4383998 5895082
-9360312 38279388 -68039540
12247971 13906352 51071505
-5300751 -3938758 -31511516
77642521 -22379062 -912505
-28811773 -48631915 107805462
-53526433 -38397491 140712468
-6983008 -21262732 -23228854
-6200411 19483358 -91043826
-32545620 14099493 -35268928
32225453 -23611401 -62220533
49827573 -46987001 41305360
3859091 -74114599 -114454031
-9518780 30394336 79266804
9410483 -8432317 -22771301
20428694 -20601635 -32525434
-2520599 -907413 -20268928
10406808 -2745107 -121985431
27194215 -41030267 36179787
-3032693 -2411306 -56093965
55753967 -74709685 -9901580
-5999452 -104433028 198965782
-74334012 -27811350 144503385
-15757309 -13495650 -50373797
-12840150 85865637 -90325843
-15713751 25676653 -105736667
23192004 -100233316 -96461129
45375666 -69633575 137896702
-7352976 -107916179 -68322374
-29189355 -11777093 58131618
30171151 18855492 -48052257
-18676 -39393043 -43331798
-5077049 -4020273 -32959011
-13967127 49811923 -2992741
4857578 -105688599 -71733850
-1747499 -9012132 -66228717
41883506 -150899822 40553842
17040374 -151289186 137414861
-45181991 -17703549 12442281
-16432562 -44810636 -49976569
15707509 114981433 -105942356
2855213 45507675 -11764942
49146658 -131279526 -20717826
41553269 -154963317 194364389
2342573 -243958970 51813427
-29519653 -13641744 1866638
55435301 8727935 -41405114
6487395 -43990300 -38920534
-7110233 -16938453 -17786578
-9911385 81688356 129568039
11776346 -20951178 -110247385
-5287227 -15681464 -49156906
42834082 -139515254 69287652
-19532981 -164676757 22319149
-60862614 -106282525 -58361208
-12723672 -67006494 -24234927
-7014472 76327130 -101121393
-28506012 32784980 109242586
11878768 -80750054 38764096
19712240 -161327163 127461739
23734241 -246154086 66626116
-29388601 56186850 -12154055
16532163 -37932605 -9067118
1941406 -19815597 -21232348
-7860242 -6578866 -10789004
3249777 41598729 92765906
-11541766 321012 -44365679
951155 -25143354 -14551902
4926863 -104382133 21416770
10687450 -140196223 -12189042
-28575474 -150062078 -31947685
-10415041 -35168947 -6347196
5086634 63372695 -27156391
8276299 3135509 52128121
9400635 -40783903 20150748
14450351 -105570106 41598007
17356524 -158111816 24465806
-23245885 48887449 -7885797
31530983 -37482174 9217600
-8845383 -26156664 -12195775
-4646534 -3321430 -7985198
-12592619 44181557 7847621
-240096 -23380531 -1070584
296216 -10799837 -830026
-1152168 -75994334 607392
4579392 -92707252 717554
822768 -56679884 32366
-552904 -28103572 -458848
3057808 54540902 -1166764
2061800 15579738 996261
1116056 -53923077 48610
-873032 -82129704 2078071
823744 -128095606 409030
-1972984 19248685 353103
3235928 -10701372 47779
-2765496 -25065370 -716022
-214720 -5161515 -484848
-769576 35045044 -69145
0 -23829925 -287802
0 -9757664 -567049
0 -75621896 343557
0 -91091539 1128965
0 -51578282 656847
0 -28411033 -372762
0 54308219 -1123006
0 16725366 91214
0 -54476289 -300310
0 -81898110 1284135
0 -126386239 -219598
0 17981089 439904
0 -9111795 -299425
0 -23901955 -377541
0 -4768386 -207857
0 35268289 63130
0 -23829925 -287802
0 -9757664 -567049
0 -75621896 343557
0 -91091539 1128965
0 -51578282 656847
0 -28411033 -372762
0 54308219 -1123006
0 16725366 91214
0 -54476289 -300310
0 -81898110 1284135
0 -126386239 -219598
0 17981089 439904
0 -9111795 -299425
0 -23901955 -377541
0 -4768386 -207857
0 35268289 63130
0 -23829925 -287802
0 -9757664 -567049
0 -75621896 343557
0 -91091539 1128965
0 -51578282 656847
0 -28411033 -372762
0 54308219 -1123006
0 16725366 91214
0 -54476289 -300310
0 -81898110 1284135
0 -126386239 -219598
0 17981089 439904
0 -9111795 -299425
0 -23901955 -377541
0 -4768386 -207857
0 35268289 63130
29410354 -24562909 6616396
8310370 -11111422 -5562122
14814810 -79563666 7191933
3627842 -88868107 2940084
-16169812 -56081730 18473817
-3457464 -27960033 -55988
-3177888 52384933 -16717210
25415334 14433534 9903838
53661864 -50399481 799355
17409900 -80070580 -4186157
-12734882 -123615013 -15039927
11515058 17321877 19035350
-4068876 -13669971 -2755502
-874682 -19434181 -1526618
8084376 -4626416 3554140
-12534194 36711477 -22539312
47933988 -6953597 41126033
5416186 -10110058 -24884099
71153280 -47656903 8791002
-2206576 -70036279 52821061
-59522506 -51309505 101040252
-10119456 -25387559 -9542759
-30097328 29926020 -73329471
6033266 6780610 11401198
101701830 -22860889 -29045683
64906548 -65664811 2159687
-11060630 -100248653 -85764875
23981788 28662815 71041697
-5118882 -11823079 -4990302
37210506 -21242484 -13478999
9931192 -3945653 -7969568
-9160786 20454206 -101433655
36043555 -8803 59370403
-5332137 3818361 -44350846
96783048 -22920377 -13379035
-12661129 -65198032 158050983
-116966283 -3544295 156225494
-18125579 -22544450 -38468039
-49108723 50516818 -89060420
-57112316 25229985 -84965327
52810587 -70342160 -84105116
44781269 -55369100 86703260
71966438 -90256752 -104387660
-10390835 18751342 76311989
-18316805 24459827 -31239071
23165146 -35625191 -41054464
-1656909 -851080 -22137016
14531137 10863603 -84753924
9248157 -93498502 -22585819
-2299763 -11459027 -57923413
85755299 -115272305 20154854
32890984 -132861003 187784740
-112646962 -8603012 79955830
-7482207 -29286005 -52594900
-39655968 113738516 -100974841
-8048868 24313547 -75680165
19250620 -109712026 -69628147
58875285 -120366990 183720887
-6993660 -182730748 -11746708
-7070849 -15905356 21572427
28681720 35746912 -57048651
29377333 -59688799 -46861453
-7034955 -12343085 -27194968
-19623339 98756234 78449170
14178320 -65571623 -101059821
-3932573 -16094538 -61646258
56488899 -162371164 65423226
-3992060 -151785175 74675927
-49622709 -41654659 -32416448
-10405334 -66725565 -35332430
4732414 98535258 -93367602
-24807790 43451245 63290688
25916560 -101918125 12590069
28093545 -164903962 168688011
19203267 -247611389 76383129
-22986362 24921754 -3709619
18054630 -21899153 -25183958
-1262995 -45860336 -30317411
-4483107 -7606144 -16629985
7017197 81714443 130074852
-720209 -3424263 -84121741
-2317278 -24781897 -30306411
23880229 -122157391 48581506
5732012 -148623831 -9992801
-47479355 -139486191 -55801462
-11966640 -50393532 -12630114
-5271216 68013069 -57462149
-10277738 15799746 95928364
-1280386 -62103090 35404282
22176476 -123571183 86180716
16385294 -197889177 49720820
-28363511 57976323 -12140311
26840508 -53350820 10736500
-9697350 -35618495 -21807443
-5750728 -4493322 -12465279
-10132007 39218691 36272240
-4595754 -16797047 -14294866
1693384 -19630479 -5168046
-5322882 -82288336 5604036
21812808 -110677245 -5442402
-2263218 -104195452 -10374172
-5311496 -26911870 -2006104
15789992 57278966 -4058918
12144700 5962059 16428353
8573044 -47970749 6083608
-434668 -87030300 15065331
8262656 -143109770 10046214
-14878166 31831537 -1483223
23000872 -24613798 5108007
-14371104 -32369726 -5791224
-2132780 -7422122 -4418212
-6688274 35009194 -1029805
0 -23829925 -287802
0 -9757664 -567049
0 -75621896 343557
0 -91091539 1128965
0 -51578282 656847
0 -28411033 -372762
0 54308219 -1123006
0 16725366 91214
0 -54476289 -300310
0 -81898110 1284135
0 -126386239 -219598
0 17981089 439904
0 -9111795 -299425
0 -23901955 -377541
0 -4768386 -207857
0 35268289 63130
0 -23829925 -287802
0 -9757664 -567049
0 -75621896 343557
0 -91091539 1128965
0 -51578282 656847
0 -28411033 -372762
0 54308219 -1123006
0 16725366 91214
0 -54476289 -300310
0 -81898110 1284135
0 -126386239 -219598
0 17981089 439904
0 -9111795 -299425
0 -23901955 -377541
0 -4768386 -207857
0 35268289 63130
0 -23829925 -287802
0 -9757664 -567049
0 -75621896 343557
0 -91091539 1128965
0 -51578282 656847
0 -28411033 -372762
0 54308219 -1123006
0 16725366 91214
0 -54476289 -300310
0 -81898110 1284135
0 -126386239 -219598
0 17981089 439904
0 -9111795 -299425
0 -23901955 -377541
0 -4768386 -207857
0 35268289 63130
0 -23829925 -287802
0 -9757664 -567049
0 -75621896 343557
0 -91091539 1128965
0 -51578282 656847
0 -28411033 -372762
0 54308219 -1123006
0 16725366 91214
0 -54476289 -300310
0 -81898110 1284135
0 -126386239 -219598
0 17981089 439904
0 -9111795 -299425
0 -23901955 -377541
0 -4768386 -207857
0 35268289 63130
30647923 -19666291 16485212
-1297657 -8262752 -9762257
34840790 -62096354 4116860
-5538099 -93107383 13865177
-22704737 -44842756 33663839
516459 -28529767 -2231014
-8865309 52142999 -25191039
17599512 16637350 11564983
48534739 -52337997 -7378230
39263337 -82337732 -4192256
-81994592 -125861581 -29333674
15607701 22475327 26047696
26421793 -1712449 3170876
50792990 -34123839 -1782121
-2653227 -5040224 -1150459
-14648753 31852427 -34242532
86643241 -11914642 56517488
306217 4864562 -22249225
118279500 -13407692 -12336202
-65430034 -83456223 96703484
-108830141 18482010 95305616
-23489530 -36074420 -20301236
-12545651 56133308 -35497515
23741 24137550 -38381955
172834821 -76821093 -69616330
92346980 -83690914 44685502
-53827943 -138841140 -89747327
-2950357 33981948 34876342
36494377 44695088 11831480
74701444 -54617684 -23615114
-2072876 -6272756 -22417010
-7698007 16043175 -65230755
65513559 -79294436 53383994
-4649573 -5967423 -40701814
121756632 -102757782 -17919291
-86253996 -119392694 167998400
-208026197 32306824 96041461
-56718569 -46890620 -39134201
-63817833 127566674 -27883370
-57191888 31406991 -102685286
178101820 -132779238 -89196097
90660323 -129732385 130608338
117720774 -203917991 -40061658
-50079310 2396186 21202533
26405560 67840923 10589595
62830026 -63022029 -40102822
-10277665 -8397933 -23813193
1374598 101494322 29267945
-11863539 -107985076 -48783050
-7602418 -23585095 -55115456
145387810 -202398701 34277826
-711502 -121424061 109363711
-218202482 388512 -13212645
-22740363 -77758207 -40293776
-86873583 132103417 -59958603
-48136917 47271476 -7110331
47214641 -112553489 -15327757
92982933 -190507713 181063418
79091547 -283472642 59571207
-20442544 7736597 -14786466
27509519 15968493 6597840
70260581 -33808437 -39061900
-16184283 -9465145 -7391527
-10539711 134357136 125890477
10051865 -2547090 -92771198
-6496254 -24945376 -39590549
74854560 -174088592 65178840
-5169723 -130345272 11831649
-98750915 -113437124 -61631183
-5718359 -73762128 -17582233
-33220284 84950232 -79929187
-38466831 48153941 98873920
-10494555 -62971573 40463376
28070719 -162635270 118246944
21131433 -222929119 65461605
-17870719 55416936 -14868394
2427794 -46969058 12053210
12772271 -15791926 -25284745
-8796468 4982641 -3122808
1946397 66631532 78667894
-8858402 -4755084 -40458072
1209377 -20078511 -13472503
-97131 -97984943 19008094
16381574 -133658197 -12747631
-18565204 -125566964 -29981477
-10316073 -34962850 -5486020
11420426 61152912 -20451744
10099245 6698430 47535276
9399587 -45761039 18531974
10926051 -102321412 39659808
14755838 -152559411 24890858
-24234523 42538561 -6608109
32866341 -30489137 11008651
-14784527 -23890875 -12847270
-3869840 -3335990 -8334221
-12054177 41563124 5040678
-369000 -23160167 -1481134
455250 -11310875 -967951
-1770750 -76176962 745767
7038000 -93499530 501779
1264500 -59181496 -295159
-849750 -27952806 -503998
4699500 54655000 -1189714
3168750 15017970 1470936
1715250 -53651805 231610
-1341750 -82243268 2494471
1266000 -128933808 738730
-3032250 19870261 307578
4973250 -11480834 229879
-4250250 -25635860 -893547
-330000 -5354289 -630123
-1182750 34935574 -138520
0 -23829925 -287802
0 -9757664 -567049
0 -75621896 343557
0 -91091539 1128965
0 -51578282 656847
0 -28411033 -372762
0 54308219 -1123006
0 16725366 91214
0 -54476289 -300310
0 -81898110 1284135
0 -126386239 -219598
0 17981089 439904
0 -9111795 -299425
0 -23901955 -377541
0 -4768386 -207857
0 35268289 63130
0 -23829925 -287802
0 -9757664 -567049
0 -75621896 343557
0 -91091539 1128965
0 -51578282 656847
0 -28411033 -372762
0 54308219 -1123006
0 16725366 91214
0 -54476289 -300310
0 -81898110 1284135
0 -126386239 -219598
0 17981089 439904
0 -9111795 -299425
0 -23901955 -377541
0 -4768386 -207857
0 35268289 63130
0 -23829925 -287802
0 -9757664 -567049
0 -75621896 343557
0 -91091539 1128965
0 -51578282 656847
0 -28411033 -372762
0 54308219 -1123006
0 16725366 91214
0 -54476289 -300310
0 -81898110 1284135
0 -126386239 -219598
0 17981089 439904
0 -9111795 -299425
0 -23901955 -377541
0 -4768386 -207857
0 35268289 63130
-15988092 0 0
-2330194 0 0
-59006 0 0
-7427154 0 0
1790814 0 0
-99550 0 0
-1688006 0 0
-6108388 0 0
5536066 0 0
-43601814 0 0
408336 0 0
10901268 0 0
5009718 0 0
7848522 0 0
-4370064 0 0
-5904582 0 0
-15988092 0 0
-2330194 0 0
-59006 0 0
-7427154 0 0
1790814 0 0
-99550 0 0
-1688006 0 0
-6108388 0 0
5536066 0 0
-43601814 0 0
408336 0 0
10901268 0 0
5009718 0 0
7848522 0 0
-4370064 0 0
-5904582 0 0
-15988092 0 0
-2330194 0 0
-59006 0 0
-7427154 0 0
1790814 0 0
-99550 0 0
-1688006 0 0
-6108388 0 0
5536066 0 0
-43601814 0 0
408336 0 0
10901268 0 0
5009718 0 0
7848522 0 0
-4370064 0 0
-5904582 0 0
-15988092 0 0
-2330194 0 0
-59006 0 0
-7427154 0 0
1790814 0 0
-99550 0 0
-1688006 0 0
-6108388 0 0
5536066 0 0
-43601814 0 0
408336 0 0
10901268 0 0
5009718 0 0
7848522 0 0
-4370064 0 0
-5904582 0 0
-15988092 0 0
-2330194 0 0
-59006 0 0
-7427154 0 0
1790814 0 0
-99550 0 0
-1688006 0 0
-6108388 0 0
5536066 0 0
-43601814 0 0
408336 0 0
10901268 0 0
5009718 0 0
7848522 0 0
-4370064 0 0
-5904582 0 0
-13301326 0 -5380396
4375245 0 -10975113
-1517126 0 -669091
-2783239 0 -38095671
-9289670 0 3465091
-3465022 0 3044692
21129682 0 -42618562
-4137149 0 19107674
6958048 0 390054
-89805899 0 -11046503
36574767 0 416652
21162530 0 -23294274
6407638 0 -18883817
27227081 0 7336244
-8440351 0 -2527357
-17448976 0 2000211
-60300227 34925295 -84575
-4984146 -5279709 -20364744
8347582 40208529 22801137
-45200602 6898206 -74942866
-4051296 33475140 53348688
-4916201 -7264743 -29017349
13637931 -23090028 -145738769
-12103428 44187864 117541689
202104 10350810 -57323964
-181960457 8271243 -33303580
7349688 -36195585 -14674
45181899 13772709 -104511045
36748185 -3902238 -47182197
43743165 11585499 15665837
-17407567 -8211441 -18851445
-34067061 -63139533 -41623129
-93792382 27657395 15897177
-14570729 -1977152 -12877382
249193 42082965 -72331492
-48943314 36459580 22696624
6831087 64731871 47964564
2149514 -1890753 -22717282
53739 -78465244 -91579553
-52092766 6201740 49990812
26381413 3749066 -46803221
-298897422 45564903 52364900
7909505 14288239 55095377
86893983 26451499 -117430496
50402670 -15291413 -77963040
56319271 1332279 6153451
-24907106 -193852 -31747559
-45230113 -41062866 -33165079
-125412707 -50431799 -2120541
-20063688 4122515 -51512205
8204507 31485684 -38247760
-35213354 21604520 -10202368
27503366 6133996 23812542
-220645 -7859428 -11823921
-10766814 -41519045 -95962892
-46932665 -276098 -17437141
26693019 17156440 -75458246
-224456969 58875071 27927731
-20384269 61005522 1859314
48436508 10850660 -58987480
41428804 -69575738 -58031336
39575773 24625289 5853733
-17602503 2826336 4936546
-25232294 30294194 25117539
-44133294 -34295226 0
-9720322 -4352226 0
11336899 32932234 0
11035420 -1461882 0
24292651 -18554676 0
-4176255 -6695400 0
-18707818 -22589506 0
-10617866 24099254 0
12686438 7691726 0
-111133477 31384786 0
-16190806 18192366 0
27302230 -1518898 0
7952561 -26306456 0
22233770 11640700 0
-17776485 6006 0
-13329735 23096158 0
-15988092 0 0
-2330194 0 0
-59006 0 0
-7427154 0 0
1790814 0 0
-99550 0 0
-1688006 0 0
-6108388 0 0
5536066 0 0
-43601814 0 0
408336 0 0
10901268 0 0
5009718 0 0
7848522 0 0
-4370064 0 0
-5904582 0 0
-15988092 0 0
-2330194 0 0
-59006 0 0
-7427154 0 0
1790814 0 0
-99550 0 0
-1688006 0 0
-6108388 0 0
5536066 0 0
-43601814 0 0
408336 0 0
10901268 0 0
5009718 0 0
7848522 0 0
-4370064 0 0
-5904582 0 0
-15988092 0 0
-2330194 0 0
-59006 0 0
-7427154 0 0
1790814 0 0
-99550 0 0
-1688006 0 0
-6108388 0 0
5536066 0 0
-43601814 0 0
408336 0 0
10901268 0 0
5009718 0 0
7848522 0 0
-4370064 0 0
-5904582 0 0
-15988092 0 0
-2330194 0 0
-59006 0 0
-7427154 0 0
1790814 0 0
-99550 0 0
-1688006 0 0
-6108388 0 0
5536066 0 0
-43601814 0 0
408336 0 0
10901268 0 0
5009718 0 0
7848522 0 0
-4370064 0 0
-5904582 0 0
-15988092 0 0
-2330194 0 0
-59006 0 0
-7427154 0 0
1790814 0 0
-99550 0 0
-1688006 0 0
-6108388 0 0
5536066 0 0
-43601814 0 0
408336 0 0
10901268 0 0
5009718 0 0
7848522 0 0
-4370064 0 0
-5904582 0 0
-15979525 0 0
-2296758 0 0
-60683 0 0
-7384618 0 0
1738840 0 0
-118270 0 0
-1562036 0 0
-6101381 0 0
5525692 0 0
-43800389 0 0
589764 0 0
10938344 0 0
5021548 0 0
7957280 0 0
-4384234 0 0
-5959156 0 0
-8211927 2105694 -1950009
2998398 -1280844 -23695551
-7914169 3416148 14811993
-27165408 -115902 -85096323
-11039456 1998252 23342428
-492184 -1672542 -6426205
1903287 -1556640 -115473219
-1203049 2580300 67943797
27582323 3141198 -27656579
-119451711 -956826 -35122138
28055919 -1077804 -11347902
36160309 1447506 -68327814
464282 -3425454 -27130421
9174585 2111616 13641237
-15064540 -1366290 -6843069
-18932139 -6324696 -7590148
-74790808 51431742 17601918
-4256527 -8402400 -25050484
-14779981 53938635 24986809
-63476137 23896047 -52888399
-6764925 41729028 93548500
2519748 -7118733 -60125447
9660749 -23901750 -185588731
-31909593 49116273 187730848
21930897 -9739725 -111553248
-211216119 20347776 -34464287
10589165 -51678033 18351290
56977071 4494084 -180973789
19724528 15331569 -60594044
26226657 12456480 10995158
-15613530 -6433932 -38269283
-31793235 -65402256 -74913091
-94162810 35522780 38697370
-15068852 1483662 -53372252
-9402495 38507506 -107654993
-39062370 49631434 30921212
3414471 54458003 49734325
4167397 -527545 -35744838
-5707598 -55281979 -137642691
-47037428 -33498989 33734755
26697133 7367003 -103533381
-283496262 46508726 64026348
2927428 48721093 64700021
81852538 18438882 -184778034
19641284 -3861408 -93735252
44381564 -3647842 13605322
-26109852 513376 -32217231
-29833652 -17130857 -667098
-106901856 -57723643 12802666
-18198158 -3810656 -70200196
4449450 62201233 -18688113
-26438748 15048791 -10218009
19003073 -20902257 32502880
1111033 -13126139 -15123248
-9482928 -33151835 -94766582
-39721981 16751470 -12536414
23724040 22094541 -78026057
-199873771 66415048 25942945
-14368108 64425712 -3794109
45003952 2442687 -51663629
27233332 -56510603 -55226052
32633379 21118783 7875353
-16430237 1138075 852179
-15975753 46373003 41642103
-39881706 -19675928 0
-8538292 -6004318 0
9409147 30468114 0
5274267 209642 0
21034311 -16090998 0
-3795769 -7077658 0
-18122195 -13621860 0
-8541541 17674856 0
13652401 8825194 0
-96679932 22289390 0
-14084667 15697768 0
21951009 -865914 0
7330929 -8262834 0
19581837 2161464 0
-15679521 -527502 0
-12420162 16082950 0
-15988092 0 0
-2330194 0 0
-59006 0 0
-7427154 0 0
1790814 0 0
-99550 0 0
-1688006 0 0
-6108388 0 0
5536066 0 0
-43601814 0 0
408336 0 0
10901268 0 0
5009718 0 0
7848522 0 0
-4370064 0 0
-5904582 0 0
-15988092 0 0
-2330194 0 0
-59006 0 0
-7427154 0 0
1790814 0 0
-99550 0 0
-1688006 0 0
-6108388 0 0
5536066 0 0
-43601814 0 0
408336 0 0
10901268 0 0
5009718 0 0
7848522 0 0
-4370064 0 0
-5904582 0 0
-15988092 0 0
-2330194 0 0
-59006 0 0
-7427154 0 0
1790814 0 0
-99550 0 0
-1688006 0 0
-6108388 0 0
5536066 0 0
-43601814 0 0
408336 0 0
10901268 0 0
5009718 0 0
7848522 0 0
-4370064 0 0
-5904582 0 0
-15988092 0 0
-2330194 0 0
-59006 0 0
-7427154 0 0
1790814 0 0
-99550 0 0
-1688006 0 0
-6108388 0 0
5536066 0 0
-43601814 0 0
408336 0 0
10901268 0 0
5009718 0 0
7848522 0 0
-4370064 0 0
-5904582 0 0
-15988092 0 0
-2330194 0 0
-59006 0 0
-7427154 0 0
1790814 0 0
-99550 0 0
-1688006 0 0
-6108388 0 0
5536066 0 0
-43601814 0 0
408336 0 0
10901268 0 0
5009718 0 0
7848522 0 0
-4370064 0 0
-5904582 0 0
-15531507 0 -1402800
-659376 0 -2338668
-176412 0 -513024
-5429237 0 -7936842
-824310 0 322644
-1021376 0 953904
4528657 0 -8325618
-5735956 0 3370728
5133965 0 743484
-53717335 0 -2078148
9457485 0 424848
12846040 0 -4468920
5568107 0 -4346676
13179905 0 1608210
-5115724 0 -490980
-8642398 0 723444
-17125606 16792337 7153854
-284705 -7568324 -30759603
-6408092 25357794 53699877
-32896366 -431297 -87461938
-10763081 17323702 54579941
-1845873 -10218075 -36561748
-2599814 -13379740 -149560689
-6932780 22505288 129537858
19797935 20052785 -96065318
-142315639 -3950907 -63811569
25109177 -11934902 -22299032
37376739 11477011 -111925544
9872913 -20503013 -16939805
36177475 13274778 13228451
-17918435 -8887723 -10136717
-29190843 -46185342 -34248817
-97690026 45926673 49071446
-15462297 -16918872 -38837737
-1742081 74348073 7584620
-69618787 38368185 324966
1537423 75318272 91812791
2554819 -11842654 -74876905
-6799503 -58799388 -144991736
-39527205 50508780 181153959
27632009 -11487456 -160030617
-230471534 36937256 -26563243
-3084874 -39735896 42671780
55552141 19203399 -224837848
43124827 -11531575 -44287161
41537230 15205796 10184566
-17450022 -4155289 -44892725
-31557754 -81177577 -62581195
-89413003 -10621616 66748645
-20432002 1901553 -91937871
-2071802 32423114 -80044736
-43462711 56268924 31647277
25022229 57757535 40570703
2711919 -9361327 -41836642
-43582958 -31530450 -121559372
-42238471 -38835903 10284295
47054267 14308534 -131100305
-232974515 56247289 48839815
-23273108 78162733 47942555
59460491 25669828 -176010541
26243650 -53851987 -68969402
36734277 8354003 23626304
-26657624 6060522 -25505804
-30861487 1172620 46252442
-65170576 -68121088 26182100
-13119032 -8136534 -66497534
-8310165 61967460 9312398
-27590805 13175484 -7857603
14119732 -27174504 34008443
2613683 -19106528 -9744901
-31106616 -19637310 -54614766
-26525204 30826840 -3854420
43918399 20418930 -57263182
-130841171 63793170 18786884
-5740289 54760072 -5743460
22781644 610600 -20684651
2543547 -56243250 -35531737
19696996 20801130 8845509
-14886377 2098520 -5118965
-10948640 46436454 44295938
-31416270 -6678686 0
-6447767 -3241896 0
2009770 14609842 0
-13059443 199210 0
9358821 -7579566 0
-2573556 -3401642 0
-21375865 -5392574 0
1959749 7521480 0
20537867 4511610 0
-55943048 9180724 0
-8917037 7079496 0
3554530 -367978 0
-4007489 -416590 0
9532365 -763434 0
-11662640 -411774 0
-4296572 6576702 0
-15988092 0 0
-2330194 0 0
-59006 0 0
-7427154 0 0
1790814 0 0
-99550 0 0
-1688006 0 0
-6108388 0 0
5536066 0 0
-43601814 0 0
408336 0 0
10901268 0 0
5009718 0 0
7848522 0 0
-4370064 0 0
-5904582 0 0
-15988092 0 0
-2330194 0 0
-59006 0 0
-7427154 0 0
1790814 0 0
-99550 0 0
-1688006 0 0
-6108388 0 0
5536066 0 0
-43601814 0 0
408336 0 0
10901268 0 0
5009718 0 0
7848522 0 0
-4370064 0 0
-5904582 0 0
-15988092 0 0
-2330194 0 0
-59006 0 0
-7427154 0 0
1790814 0 0
-99550 0 0
-1688006 0 0
-6108388 0 0
5536066 0 0
-43601814 0 0
408336 0 0
10901268 0 0
5009718 0 0
7848522 0 0
-4370064 0 0
-5904582 0 0
-15988092 0 0
-2330194 0 0
-59006 0 0
-7427154 0 0
1790814 0 0
-99550 0 0
-1688006 0 0
-6108388 0 0
5536066 0 0
-43601814 0 0
408336 0 0
10901268 0 0
5009718 0 0
7848522 0 0
-4370064 0 0
-5904582 0 0
-15954483 0 0
-2199022 0 0
-65585 0 0
-7260282 0 0
1586916 0 0
-172990 0 0
-1193816 0 0
-6080899 0 0
5495368 0 0
-44380839 0 0
1120092 0 0
11046720 0 0
5056128 0 0
8275188 0 0
-4425654 0 0
-6118680 0 0
-13251015 0 -6489368
6545187 0 -15102786
-1752580 0 401146
-2630946 0 -53068726
-12936086 0 6251734
-4563410 0 3101032
28685740 0 -61344428
-3169991 0 28794964
8005906 0 -1819652
-107674626 0 -16184926
47967451 0 -625832
25655585 0 -33820772
7291943 0 -24834210
32305185 0 9934992
-10081705 0 -3647626
-21306997 0 1691894
-78769881 36855889 3366533
-3423740 -3327551 -34748380
13574273 42673162 67430148
-52145049 5578925 -75026302
-5412030 39417816 86777131
-6870494 -5619196 -64269907
31297591 -28286498 -174244475
-12092741 51977391 191152617
-3343313 10888207 -140371565
-223108809 11145281 -68976981
12777107 -41692054 -433270
57716672 18041857 -161745794
47203888 -2616101 -49088436
42098464 9902405 17351599
-19127470 -7808493 -23590256
-38558008 -68860565 -70916719
-118697291 51288482 60251046
-18063171 -2241750 -51085397
8307931 59279585 -37656317
-29123080 49474691 52636623
23443400 80049714 80004232
2819978 -3767383 -79567715
13103274 -98449469 -109406132
-66262985 22899087 121719956
-3140815 859038 -200050129
-280837220 59453258 13987015
-23155757 -3255574 69658112
88640054 27213314 -232249732
60569547 -5747584 -61082556
47860597 6816065 22292537
-17057272 -3393883 -40519801
-38953383 -64842637 -46355150
-62578623 -43069323 68383573
-17434801 7282325 -108950424
-1112398 45684956 -44156764
-1650240 32999666 14039202
22558304 19647423 35197978
2625816 -3949571 -25568826
-32815819 -74462568 -83683657
-38141259 -16734972 -22518848
27135906 22987621 -143549064
-177347037 78300429 40067174
-15813758 87204192 26003480
48971784 17240298 -114564796
10926174 -78655884 -51812875
38106608 26170370 29220365
-21260734 2199248 -12031124
-18406835 32791876 74155512
-36173935 -62019778 27981183
-9906705 -7722855 -39763335
452764 59613358 29472188
-23921606 464888 -2993617
7518678 -31859681 22928661
-531975 -12997073 -2078910
-30451331 -34650074 -2041454
-4062669 39628135 4876943
35521615 14652900 -19237310
-65386809 56944241 5789957
-3455987 36976099 -5575340
2187770 -2384462 12224423
2599960 -48759079 -6196709
13834711 20965119 6396892
-11528653 455596 -8209577
-4465799 42490950 30870999
-22910562 -1230576 0
-3712537 -1128896 0
2325134 3975440 0
-18526848 564944 0
9257781 -1825776 0
-2558562 -1295056 0
-16357270 -230640 0
-556026 1648704 0
18010450 1497424 0
-38297511 2109984 0
-6197022 2188352 0
52073 54064 0
6896827 888336 0
9658444 -910160 0
-7219512 -75888 0
-10317287 1409136 0
-15988092 0 0
-2330194 0 0
-59006 0 0
-7427154 0 0
1790814 0 0
-99550 0 0
-1688006 0 0
-6108388 0 0
5536066 0 0
-43601814 0 0
408336 0 0
10901268 0 0
5009718 0 0
7848522 0 0
-4370064 0 0
-5904582 0 0
-15988092 0 0
-2330194 0 0
-59006 0 0
-7427154 0 0
1790814 0 0
-99550 0 0
-1688006 0 0
-6108388 0 0
5536066 0 0
-43601814 0 0
408336 0 0
10901268 0 0
5009718 0 0
7848522 0 0
-4370064 0 0
-5904582 0 0
-15988092 0 0
-2330194 0 0
-59006 0 0
-7427154 0 0
1790814 0 0
-99550 0 0
-1688006 0 0
-6108388 0 0
5536066 0 0
-43601814 0 0
408336 0 0
10901268 0 0
5009718 0 0
7848522 0 0
-4370064 0 0
-5904582 0 0
-15988092 0 0
-2330194 0 0
-59006 0 0
-7427154 0 0
1790814 0 0
-99550 0 0
-1688006 0 0
-6108388 0 0
5536066 0 0
-43601814 0 0
408336 0 0
10901268 0 0
5009718 0 0
7848522 0 0
-4370064 0 0
-5904582 0 0
-14799352 0 -3189200
1873152 0 -5316852
-401663 0 -1166336
-2580535 0 -18044038
-4813424 0 733516
-2399452 0 2168656
13841545 0 -18927902
-5140079 0 7663192
4688149 0 1690276
-69320906 0 -4724572
23149839 0 965872
15923372 0 -10159880
6368371 0 -9881964
21115493 0 3656190
-6298834 0 -1116220
-12807304 0 1644716
-37704412 11715723 1796462
2666056 -7126398 -19583794
3438078 19006866 21544632
-39861087 -644859 -78267967
-12462071 11117934 40941882
-4793917 -9305739 -19773264
22490121 -8660880 -132976283
-1143577 14356350 94525592
16852302 17477091 -45383280
-184301010 -5323617 -34312082
32126669 -5996718 -10066108
51801986 8053677 -84923138
22656927 -19058643 -31383568
23148733 11748672 13634107
-19356926 -7601805 -12574628
-30427096 -35189532 -27256752
-108404684 49283209 26410775
-8828156 -16833496 -36318637
-8582423 74426042 27692957
-65271820 35770350 -29971223
3350786 69871588 104322281
2332960 -11217283 -73984242
19318066 -46385444 -181169858
-54223095 55654269 195374092
12030405 -15456763 -168879573
-303730031 32546808 -38035245
1807730 -50037171 21288666
90163662 14676301 -210316107
44779148 -2924138 -53449520
45240995 14947402 6166184
-21030225 -4264413 -36499440
-48631419 -80947729 -76121348
-125417496 31368185 59983361
-23533965 692518 -79252343
1455859 49834828 -76938474
-15530204 77208899 48941492
21399082 71557364 41564147
5357236 -7453772 -55083226
-3713635 -32749137 -104263128
-62920783 -30398285 40912405
11066709 -5829120 -157014241
-268010926 66457170 32270789
-23043868 49486038 63980836
77380081 15980725 -210393128
31072911 -11545742 -64919843
42452165 4204282 19655712
-19631191 5431695 -28184946
-18257385 -16294994 20481092
-44486032 -47631062 47479356
-12298910 -1958374 -87013034
6394963 73305784 8393711
6802766 27655953 3932519
21630709 -23843427 30347308
-1899228 -15049577 -25032453
-29604283 -31168112 -55558579
-13409867 -3422685 -10867949
27834794 34961410 -94961044
-116631634 77148783 16415088
-10819824 94581764 -265002
25913778 3373554 -47309833
2134917 -46928962 -31804848
22325993 14954202 23905307
-19101676 -137287 -5134675
-9419517 55582384 59394525
-19248268 -32099894 13512310
-2902602 -10422039 -13569850
235430 57761287 13248585
-17956109 -4169813 -2742740
4659578 -32263749 13526695
-1703997 -9862715 6161575
-12654486 -33324044 13598620
680803 33599412 853510
15135631 15218427 -10285275
-31816963 40064371 7993265
-3616013 25446612 2805075
-356744 -2951491 15957760
2780362 -11369827 -4310705
6781131 3799686 4804590
-5888153 -1978953 -5475890
-6751894 29694165 9201605
-15566760 0 0
-2234089 0 0
-171527 0 0
-6993010 0 0
1435964 0 0
14875 0 0
-959070 0 0
-6383328 0 0
4939218 0 0
-43613480 0 0
747364 0 0
11345867 0 0
5035516 0 0
7758064 0 0
-4185615 0 0
-5762046 0 0
-15988092 0 0
-2330194 0 0
-59006 0 0
-7427154 0 0
1790814 0 0
-99550 0 0
-1688006 0 0
-6108388 0 0
5536066 0 0
-43601814 0 0
408336 0 0
10901268 0 0
5009718 0 0
7848522 0 0
-4370064 0 0
-5904582 0 0
-15988092 0 0
-2330194 0 0
-59006 0 0
-7427154 0 0
1790814 0 0
-99550 0 0
-1688006 0 0
-6108388 0 0
5536066 0 0
-43601814 0 0
408336 0 0
10901268 0 0
5009718 0 0
7848522 0 0
-4370064 0 0
-5904582 0 0
-15988092 0 0
-2330194 0 0
-59006 0 0
-7427154 0 0
1790814 0 0
-99550 0 0
-1688006 0 0
-6108388 0 0
5536066 0 0
-43601814 0 0
408336 0 0
10901268 0 0
5009718 0 0
7848522 0 0
-4370064 0 0
-5904582 0 0
-15920874 0 0
-2067850 0 0
-72164 0 0
-7093410 0 0
1383018 0 0
-246430 0 0
-699626 0 0
-6053410 0 0
5454670 0 0
-45159864 0 0
1831848 0 0
11192172 0 0
5102538 0 0
8701854 0 0
-4481244 0 0
-6332778 0 0
-12036217 5652519 -6314152
6388441 -3438294 -20266254
-3917115 9170298 3998294
-12650925 -311127 -72901914
-14145188 5364102 12272026
-3628190 -4489767 1311448
22962676 -4178640 -89377492
-1598858 6926550 45185996
16289474 8432223 -8609628
-123377748 -2568501 -24293714
46221795 -2893254 -3978648
32804460 3885681 -50005308
5536098 -9195279 -30310190
25040407 5668416 12911888
-12986081 -3667665 -5339014
-22380584 -16977996 -505734
-82779778 22270302 6734706
-5250736 -5720859 -24581973
-435033 43594371 37813007
-68794026 4738842 -64723251
-7504778 50778312 87315983
-3089601 -6104946 -56851386
17307678 -40656492 -179511060
-24544027 48648411 179964680
8472313 13041909 -107716594
-254957708 14174277 -42344955
11357065 -29275368 10537696
67224102 27672912 -159551032
40219517 -21134982 -60895251
49346442 7953711 14905334
-22437387 -5096388 -31356455
-45511500 -67624284 -73479111
-133970649 38035589 44567960
-26512755 -5832867 -59352430
-2655 59351855 -26819559
-55482568 53843316 40511574
19926386 80660103 91556075
7296812 -12606639 -83857392
-15383738 -81426217 -139797890
-72160613 35866148 131546902
24525968 192091 -225233113
-327069905 59591102 5198611
-28887225 -11144595 55591742
97673636 25546993 -238123921
54020836 -24661730 -69675257
48377691 18840742 13959266
-24681127 -3477892 -33195519
-36057456 -71178985 -49478792
-84755357 -17811970 73041968
-19215803 2939461 -99296445
-4761146 51730102 -53422931
-10386946 49555254 24233608
29079863 34023913 21355645
2926581 -3478852 -30708724
-40097547 -67801080 -73430361
-43474888 -26448609 -22285481
49672874 5887534 -138214029
-187644014 77020739 32406836
-12170480 75674169 31071525
41311138 10361539 -131849490
8751788 -59358114 -36784902
33847749 24381288 29811872
-21477497 2981465 -12238522
-17205034 22646631 71178414
-29953289 -58336290 35105987
-7444506 -8363072 -50002667
3909679 70648390 36996636
-16442476 12421460 -3729517
11017917 -30006083 28717073
-4131118 -16066619 -2753878
-31985090 -12317125 -2857654
10571145 22398391 6149267
28092048 20460619 -24115446
-43182400 60840792 7158625
-11562453 59284371 -7106700
-6009691 -2213048 15132779
-8346781 -47634458 -7747777
8553135 18160792 7990860
-13880087 1306318 -10269253
-2304107 49494723 38847595
-14224494 -8115351 0
-1716567 -7444796 0
-210279 26217065 0
-10407434 3725669 0
1712411 -12040551 0
-244519 -8540581 0
-1924949 -1521015 0
-5512651 10872804 0
6264128 9875149 0
-37031853 13914834 0
690486 14431652 0
8243078 356539 0
6712892 5858361 0
7396779 -6002285 0
-3442717 -500463 0
-7040216 9292911 0
-15917262 0 0
-2315569 0 0
-82496 0 0
-7325019 0 0
1717989 0 0
-75850 0 0
-1545641 0 0
-6161563 0 0
5416171 0 0
-43640904 0 0
473331 0 0
11001828 0 0
4995063 0 0
7830177 0 0
-4340454 0 0
-5863992 0 0
-15988092 0 0
-2330194 0 0
-59006 0 0
-7427154 0 0
1790814 0 0
-99550 0 0
-1688006 0 0
-6108388 0 0
5536066 0 0
-43601814 0 0
408336 0 0
10901268 0 0
5009718 0 0
7848522 0 0
-4370064 0 0
-5904582 0 0
-15988092 0 0
-2330194 0 0
-59006 0 0
-7427154 0 0
1790814 0 0
-99550 0 0
-1688006 0 0
-6108388 0 0
5536066 0 0
-43601814 0 0
408336 0 0
10901268 0 0
5009718 0 0
7848522 0 0
-4370064 0 0
-5904582 0 0
-15988092 0 0
-2330194 0 0
-59006 0 0
-7427154 0 0
1790814 0 0
-99550 0 0
-1688006 0 0
-6108388 0 0
5536066 0 0
-43601814 0 0
408336 0 0
10901268 0 0
5009718 0 0
7848522 0 0
-4370064 0 0
-5904582 0 0
-14973424 0 -2455600
757602 0 -4093836
-477548 0 -898048
-4500412 0 -13893434
-3149798 0 564788
-1721434 0 1669808
9332176 0 -14573986
-5286422 0 5900456
5490496 0 1301468
-63451298 0 -3637796
17030334 0 743696
15047540 0 -7822840
5845144 0 -7608852
17081576 0 2815170
-5973484 0 -859460
-11028562 0 1266388
-27794042 21106952 5365482
1248678 -5735789 -25354340
-3165429 29182374 36338936
-42661031 161608 -89526158
-12589670 23756422 49983104
-2746418 -8389845 -27905256
7563015 -18196390 -152668934
-3757357 31040063 116157964
23218481 18071540 -69358802
-175229386 286308 -49269760
28454383 -19768742 -17814812
49458784 14331046 -102596314
15312225 -16044278 -25772394
25908757 11597013 14169430
-20367148 -8304898 -12412910
-30873456 -51982077 -31818886
-106377655 42967288 37639681
-10638353 -11913706 -33616401
-13026828 65903985 8787241
-77414011 38267492 -9862358
-2410563 74517718 99840538
3658291 -9425047 -72073811
7461726 -71430347 -164888726
-51917936 42236410 185629961
29078021 -5159690 -155240065
-305953506 41759711 -23691272
9743327 -27029301 34187814
84980244 22823474 -216390722
40148376 -13613195 -51699543
46874149 12805133 4665332
-22917823 -4012575 -42808789
-46391288 -74877130 -71153084
-137331197 15448906 56290373
-27043196 2321024 -93594583
1765406 61703705 -61895680
-31315840 67763221 43993304
26729877 66375945 43622881
4308008 -5948123 -58432755
-19223020 -52517121 -110179639
-63656235 -926582 37228210
19133579 -8677090 -173741175
-269256916 79901716 24154112
-32473377 34583668 53242654
68175216 15368357 -204707638
36129595 -28698668 -65495158
51984851 16833639 18905196
-21531272 4836599 -21951517
-23779137 -15282514 31459433
-48750284 -37188067 51112400
-15106740 1955318 -78929348
10508750 62969457 12706984
8646623 31034563 9110454
23728609 -13990677 23158910
-2237463 -11814347 -26097325
-34910487 -44105873 -36475253
-13643321 -14297568 -9998733
34797829 36843731 -89238043
-123945577 76144194 10489157
-9152817 98065006 1762847
25145214 7588675 -43531878
6543202 -44105313 -19532798
25846597 12395007 26384546
-20682735 -691797 -5483720
-8203759 48833411 55574932
-19400914 -42758924 17085534
-2402003 -9521864 -17158290
2732018 63387818 16752069
-23458628 -7515018 -3468036
9696671 -36910884 17103723
-3774931 -8797440 7790955
-18902825 -45102544 17194668
5294580 40541278 1079214
19094374 14790350 -13005135
-20670097 48452988 10107021
-8045116 27201590 3546855
-8111738 -4153730 20177664
5850955 -23512580 -5450637
7251726 10828782 6075126
-6574381 -2119050 -6923946
-10918982 36445478 11634897
-13933116 0 0
-1855483 0 0
-589959 0 0
-5423444 0 0
111490 0 0
441119 0 0
1789900 0 0
-7422222 0 0
2701364 0 0
-43513828 0 0
2030666 0 0
12968975 0 0
5209654 0 0
7419574 0 0
-3464991 0 0
-5274274 0 0
-15988092 0 0
-2330194 0 0
-59006 0 0
-7427154 0 0
1790814 0 0
-99550 0 0
-1688006 0 0
-6108388 0 0
5536066 0 0
-43601814 0 0
408336 0 0
10901268 0 0
5009718 0 0
7848522 0 0
-4370064 0 0
-5904582 0 0
-15988092 0 0
-2330194 0 0
-59006 0 0
-7427154 0 0
1790814 0 0
-99550 0 0
-1688006 0 0
-6108388 0 0
5536066 0 0
-43601814 0 0
408336 0 0
10901268 0 0
5009718 0 0
7848522 0 0
-4370064 0 0
-5904582 0 0
-15988092 0 0
-2330194 0 0
-59006 0 0
-7427154 0 0
1790814 0 0
-99550 0 0
-1688006 0 0
-6108388 0 0
5536066 0 0
-43601814 0 0
408336 0 0
10901268 0 0
5009718 0 0
7848522 0 0
-4370064 0 0
-5904582 0 0
-15912966 0 0
-2036986 0 0
-73712 0 0
-7054146 0 0
1335042 0 0
-263710 0 0
-583346 0 0
-6046942 0 0
5445094 0 0
-45343164 0 0
1999320 0 0
11226396 0 0
5113458 0 0
8802246 0 0
-4494324 0 0
-6383154 0 0
-13275842 3151074 -6316536
5709248 -1916724 -18029850
-2771508 5112108 2546538
-9354088 -173442 -64363634
-12612406 2990292 9783742
-3760874 -2502882 1999048
23103880 -2329440 -77452584
-2586780 3861300 38287716
12509228 4700658 -5858140
-113917586 -1431846 -20860710
43428900 -1612884 -2622856
29125010 2166126 -43137364
6576034 -5126034 -27845866
27069414 3159936 11609644
-11561538 -2044590 -4620082
-21266820 -9464616 360862
-76357878 40984670 6079810
-6303921 -7648365 -31242788
2802204 52001911 56790226
-64157635 14349817 -71445958
-5073284 47236298 91024272
-3201364 -7789816 -64073022
11947760 -32586280 -182756368
-20598687 52492786 194052606
7381032 3917777 -132433532
-232109137 16495640 -59466080
5140591 -43844561 4285580
61212486 16449414 -167844358
39803126 -3039135 -54855242
44658867 12088637 16230856
-21312589 -7232090 -28206066
-41225376 -72791357 -75159198
-117036180 47720399 54316406
-24486911 -3863522 -57137788
-5040556 62762002 -39816556
-58774000 55814420 50358572
17960690 82034337 82944274
8149553 -7440998 -80450610
-23907012 -82489406 -121040720
-68501051 12222418 121395134
32587339 4941069 -210091958
-308922887 58945504 13965214
-26045310 10695787 68200770
93533269 27866439 -238776798
47237580 -14879915 -68764962
43682145 8921263 19337952
-24790082 -2941022 -38154716
-36703047 -62039203 -44133986
-87330346 -25534970 69566450
-18383886 -2949778 -106840416
-8870621 72228803 -43511482
-18133835 55471365 17376586
24588750 17443943 30141916
4010286 -11005859 -29320090
-37919751 -60694107 -80303644
-42993024 -8777633 -22935790
53882049 2560262 -143874744
-180029235 91195676 35739776
-8063403 72567413 25824044
36602677 574511 -118159898
5006519 -52082296 -46340762
28588760 27650056 30993528
-19262636 2813165 -10969078
-13751541 33958785 73474174
-29956378 -38975040 30445790
-6871785 -6309961 -41885750
4749195 68519208 31827090
-12964648 14666388 -3575110
12112763 -26246557 25549580
-4870331 -11853669 -506350
-30628191 -6916910 1352180
12776616 5714201 4938590
25219371 21586980 -21175650
-42225071 53307565 7573360
-13318846 63638879 -4719450
-5851209 -2574648 15764690
-10863075 -32352199 -7065520
7358608 11587855 7380660
-14512668 227988 -9303010
-1774582 45943106 32192020
-12025652 -13831870 0
-1149174 -10513630 0
-739095 39431988 0
-7450690 4188324 0
-93570 -18765540 0
264421 -11821764 0
2119469 -5714746 0
-6555731 17456064 0
2555062 14105204 0
-37146000 22004330 0
2152222 20980096 0
10714841 108972 0
6152161 6035536 0
6707335 -7081306 0
-2628153 -852924 0
-6046375 15031284 0
-15596166 0 0
-2249269 0 0
-188984 0 0
-6862007 0 0
1387849 0 0
31590 0 0
-900253 0 0
-6402623 0 0
4872647 0 0
-43818112 0 0
767975 0 0
11457700 0 0
4928627 0 0
7747013 0 0
-4206222 0 0
-5679984 0 0
-15988092 0 0
-2330194 0 0
-59006 0 0
-7427154 0 0
1790814 0 0
-99550 0 0
-1688006 0 0
-6108388 0 0
5536066 0 0
-43601814 0 0
408336 0 0
10901268 0 0
5009718 0 0
7848522 0 0
-4370064 0 0
-5904582 0 0
-15988092 0 0
-2330194 0 0
-59006 0 0
-7427154 0 0
1790814 0 0
-99550 0 0
-1688006 0 0
-6108388 0 0
5536066 0 0
-43601814 0 0
408336 0 0
10901268 0 0
5009718 0 0
7848522 0 0
-4370064 0 0
-5904582 0 0
-15988092 0 0
-2330194 0 0
-59006 0 0
-7427154 0 0
1790814 0 0
-99550 0 0
-1688006 0 0
-6108388 0 0
5536066 0 0
-43601814 0 0
408336 0 0
10901268 0 0
5009718 0 0
7848522 0 0
-4370064 0 0
-5904582 0 0
-14368252 0 -3964800
3016890 0 -6609888
-621884 0 -1449984
-1744048 0 -22432272
-6678278 0 911904
-2973778 0 2696064
17771908 0 -23531088
-4792382 0 9526848
4896868 0 2101344
-77046902 0 -5873568
29273898 0 1200768
17637764 0 -12630720
6614260 0 -12285216
24335036 0 4545360
-6965644 0 -1387680
-14726050 0 2044704
-46713333 15589292 3334918
263840 -5522894 -21512076
6306953 22470204 29017414
-42876710 -120332 -82951485
-9755158 16871212 49734106
-5177352 -7713570 -26642946
21095958 -12969940 -147986165
-3761069 21988298 112068606
11116920 15777140 -59673148
-187983223 -1577532 -40440366
23865028 -12977132 -11781108
51245560 10617016 -98324424
28818234 -15163088 -32911172
28786652 10298598 14560657
-19161216 -7110208 -14484716
-31981340 -40460742 -34825574
-106654531 50257322 33116648
-13616464 -12950041 -36450971
-5934839 70051465 17117219
-61395252 37719011 -12892241
10337684 71001322 105199404
4069878 -9457186 -76288757
4176035 -58235626 -172115127
-57274965 50688728 190057285
14412395 -11345235 -175580490
-285847863 38185536 -28759724
-13279705 -42110145 28770384
86771771 17220538 -218008603
46664678 -2640375 -52779874
41190953 13578931 4615879
-20238398 -4456244 -38960646
-43686339 -78414123 -75350299
-97637012 23504089 62594671
-23811350 3426835 -88550603
-8690764 53228190 -73066472
-19497259 69261514 45451886
20975873 66656969 37305146
7207522 -4546495 -53460727
-32858592 -49909564 -103975538
-59011579 -20798469 29674733
29263242 -2834959 -161784556
-228063454 72942370 28910737
-22798189 48836971 56753902
61999697 17405873 -205231430
15983973 -19910575 -59384662
45076311 8361976 19879957
-20934303 4562072 -23917100
-18525391 -12667388 34260295
-43432210 -46540850 49206354
-14097866 -1013972 -81733446
3934297 71131329 16999686
-12618856 27222990 5250652
14345012 -23984079 27796410
-1221483 -13768425 -23962494
-42418273 -41377282 -42320286
-4383841 -1045368 -7189596
46415144 32740893 -82647088
-87396998 79481209 11456482
-4710954 90662939 -2048400
5867469 2263787 -37590660
-1698299 -46700154 -22611290
18011149 16913681 22666642
-17430351 -610708 -6288856
-1992563 54893717 57985604
-20714326 -31225738 13103700
-2695811 -8733601 -13159500
3272972 56138981 12847950
-25437145 -5374779 -2659800
11164029 -31612765 13117650
-4270122 -7494263 5975250
-21781801 -35153386 13187400
6449249 31126678 827700
21469973 13760251 -9974250
-19703918 39582261 7751550
-9354623 25119390 2720250
-10183930 -3673405 15475200
6169737 -13852037 -4180350
7627877 6049890 4659300
-7174378 -2107507 -5310300
-11716712 30443593 8923350
-13895640 -927894 0
-1842280 -851224 0
-586062 2997610 0
-5473448 425986 0
119968 -1376694 0
437726 -976514 0
1794472 -173910 0
-7425534 1243176 0
2707736 1129106 0
-43401994 1590996 0
2036498 1650088 0
12930032 40766 0
5269684 669834 0
7421068 -686290 0
-3444336 -57222 0
-5312146 1062534 0
-15988092 0 0
-2330194 0 0
-59006 0 0
-7427154 0 0
1790814 0 0
-99550 0 0
-1688006 0 0
-6108388 0 0
5536066 0 0
-43601814 0 0
408336 0 0
10901268 0 0
5009718 0 0
7848522 0 0
-4370064 0 0
-5904582 0 0
-15988092 0 0
-2330194 0 0
-59006 0 0
-7427154 0 0
1790814 0 0
-99550 0 0
-1688006 0 0
-6108388 0 0
5536066 0 0
-43601814 0 0
408336 0 0
10901268 0 0
5009718 0 0
7848522 0 0
-4370064 0 0
-5904582 0 0
-15988092 0 0
-2330194 0 0
-59006 0 0
-7427154 0 0
1790814 0 0
-99550 0 0
-1688006 0 0
-6108388 0 0
5536066 0 0
-43601814 0 0
408336 0 0
10901268 0 0
5009718 0 0
7848522 0 0
-4370064 0 0
-5904582 0 0
-15988092 0 0
-2330194 0 0
-59006 0 0
-7427154 0 0
1790814 0 0
-99550 0 0
-1688006 0 0
-6108388 0 0
5536066 0 0
-43601814 0 0
408336 0 0
10901268 0 0
5009718 0 0
7848522 0 0
-4370064 0 0
-5904582 0 0
-9405688 1169830 -1945288
4551856 -711580 -15351378
-6042354 1897860 7130000
-19249668 -64390 -57224879
-12048434 1110140 13898510
-1814486 -929190 -2384632
11495590 -864800 -76070875
-1324646 1433500 41987516
22063586 1745110 -13832806
-116679492 -531570 -21454838
35687142 -598780 -6734440
33425352 804170 -43356532
2214090 -1903030 -19386174
15171472 1173120 9282987
-13533362 -759050 -4570886
-19476746 -3513720 -3673730
-73290661 32497992 10946160
-5623896 -4613974 -29905808
-10371776 39359608 46100600
-69617589 8028906 -62755549
-6876934 35735360 82461091
758282 -5744010 -56823519
4475919 -25100028 -167760368
-27882884 43485416 175402739
18562717 6715908 -120424214
-226792025 11094054 -52902353
6165701 -35517922 3849864
61134794 14361464 -159749531
26132437 -2653434 -44702067
35993427 9378462 11364104
-19792990 -6458928 -26915397
-38222632 -59312572 -63741406
-115268495 56883920 51583698
-24115467 -6882809 -58630278
-5839069 66283871 -23864000
-43220728 51322929 49202956
15250471 75380458 76876918
7752191 -8569876 -81072919
-19152560 -78620560 -110572593
-63446711 25118374 120602969
24488617 443507 -202295518
-266378510 52199606 1132753
-23385271 -9862509 58295774
75714073 21183144 -226523172
34235969 -5144027 -56220933
43347993 12404919 15286808
-20209881 -5659462 -34037335
-24425435 -70975405 -37288505
-65023839 -16691416 71460204
-16443008 -1443090 -100660416
1454616 64178095 -38407609
-6068406 53369092 21267735
23345115 30186897 23847736
451941 -7230164 -31430654
-37627500 -62308748 -67387714
-24925859 -23333945 -21601680
44146634 6540235 -137444371
-137761954 80749191 29366559
-8889410 78522438 25488725
24868628 8457454 -114906537
5227369 -52187009 -35927906
26428070 21166135 32330063
-18943457 2989881 -10675549
-9621873 25128603 70902139
-21767961 -55516231 32686102
-4236814 -8902000 -43746430
4731625 72028798 33955702
-17386242 15143934 -4119478
10915398 -29092182 27961864
-4617376 -17024574 1010350
-24493483 -6248270 4614564
10338665 18426314 4976342
21701329 21795151 -22949710
-25935747 59999124 9257748
-10131185 62881138 -3874510
-8454645 -1924804 19105202
-1424508 -44438059 -7871316
6994567 15915252 8295788
-10103474 1440792 -10315338
-6454893 49392061 33323336
-12026678 -9221877 0
-1135541 -8459892 0
-645624 29791755 0
-7158656 4233663 0
31551 -13682277 0
245076 -9705087 0
2280370 -1728405 0
-6670742 12355308 0
2333550 11221623 0
-37491073 15812118 0
2093874 16399404 0
10954393 405153 0
6296637 6657147 0
6796156 -6820695 0
-2645554 -568701 0
-6156857 10559997 0
-15553668 0 0
-2240494 0 0
-203078 0 0
-6800726 0 0
1344154 0 0
45810 0 0
-814834 0 0
-6434528 0 0
4800710 0 0
-43841566 0 0
806972 0 0
11518036 0 0
4919834 0 0
7736006 0 0
-4188456 0 0
-5655630 0 0
-15988092 0 0
-2330194 0 0
-59006 0 0
-7427154 0 0
1790814 0 0
-99550 0 0
-1688006 0 0
-6108388 0 0
5536066 0 0
-43601814 0 0
408336 0 0
10901268 0 0
5009718 0 0
7848522 0 0
-4370064 0 0
-5904582 0 0
-15988092 0 0
-2330194 0 0
-59006 0 0
-7427154 0 0
1790814 0 0
-99550 0 0
-1688006 0 0
-6108388 0 0
5536066 0 0
-43601814 0 0
408336 0 0
10901268 0 0
5009718 0 0
7848522 0 0
-4370064 0 0
-5904582 0 0
-15988092 0 0
-2330194 0 0
-59006 0 0
-7427154 0 0
1790814 0 0
-99550 0 0
-1688006 0 0
-6108388 0 0
5536066 0 0
-43601814 0 0
408336 0 0
10901268 0 0
5009718 0 0
7848522 0 0
-4370064 0 0
-5904582 0 0
-15988092 0 0
-2330194 0 0
-59006 0 0
-7427154 0 0
1790814 0 0
-99550 0 0
-1688006 0 0
-6108388 0 0
5536066 0 0
-43601814 0 0
408336 0 0
10901268 0 0
5009718 0 0
7848522 0 0
-4370064 0 0
-5904582 0 0
-5977974 3703383 8471084
-5363162 -782648 -16051179
-11787932 4960886 36436823
-41326310 70041 -43240429
-2183750 4285634 32670825
3752154 -1208249 -24010260
-34155086 -3274380 -80026174
-6039674 5609260 74172446
32286410 2748231 -63225134
-91720948 361363 -39006965
-8052284 -3750978 -18235964
30115404 2508877 -61826918
-2842466 -2238923 1820021
2442146 1733362 4827412
-15329396 -1287365 -4267335
-14500154 -8761102 -20243623
-40661072 42026639 40383048
-12309955 -3585500 -33418588
-35952057 37592077 39959423
-75244382 26042113 -5007233
-5457180 30555000 70041077
12568228 -1317036 -63760814
-52776977 -18938244 -101213317
-37221524 31712330 148600036
65142953 -20541586 -147726769
-150042423 24100540 -48398247
-4362514 -40336686 11101100
39503472 -2935043 -165290103
-9269345 27069665 -3050065
8620876 5094332 2853161
-15758423 -1525079 -25836325
-16690944 -36220567 -44520382
-67087914 60687929 67345222
-17035843 6822396 -73780882
-22965327 44797265 -36077018
-47915466 51942750 45499399
5128283 41273691 26193983
7318302 4753472 -46852171
-52389176 -36117600 -51615228
-26957631 -15498279 32780104
62078398 -8859666 -123730035
-113716827 49363464 9921730
-7588906 14229054 44897183
9880907 1645023 -157409243
-17152390 36248041 -24726892
15168029 -3453350 18049903
-14447908 -661073 -23552044
-246435 -17126433 35060179
-30094360 -15295543 47745100
-8658068 2818338 -73074986
1291240 62991435 20234576
-17173242 19855806 5972295
9195641 -21578021 24681243
-2728069 -4134921 -21163763
-36401210 -58413248 -29496344
8714766 -15552638 -5318090
37513232 35464346 -72207942
-43661002 66186445 8767236
-6205882 85901207 -1582624
-7749265 3595065 -29185665
-11473882 -18332527 -16046529
7472862 4571581 21475479
-13826627 -4016652 -6743207
1079622 44334826 52829240
-14090514 -40170305 12652820
-1280383 -8751995 -12706700
853798 61923972 12405870
-15707158 -9481644 -2568280
4106751 -36911160 12666290
-1936141 -6948516 5769650
-7963525 -47860199 12733640
1120470 39925416 799220
9936084 13668076 -9631050
-23868967 46760245 7484830
-3056306 24710024 2626650
-341818 -4677132 14942720
4699955 -22017766 -4036510
5836356 10965661 4498980
-4297811 -2476356 -5127580
-7825722 35566896 8616310
-13974756 0 0
-1870153 0 0
-594289 0 0
-5367884 0 0
102070 0 0
444889 0 0
1784820 0 0
-7418542 0 0
2694284 0 0
-43638088 0 0
2024186 0 0
13012245 0 0
5142954 0 0
7417914 0 0
-3487941 0 0
-5232194 0 0
-15988092 0 0
-2330194 0 0
-59006 0 0
-7427154 0 0
1790814 0 0
-99550 0 0
-1688006 0 0
-6108388 0 0
5536066 0 0
-43601814 0 0
408336 0 0
10901268 0 0
5009718 0 0
7848522 0 0
-4370064 0 0
-5904582 0 0
-15988092 0 0
-2330194 0 0
-59006 0 0
-7427154 0 0
1790814 0 0
-99550 0 0
-1688006 0 0
-6108388 0 0
5536066 0 0
-43601814 0 0
408336 0 0
10901268 0 0
5009718 0 0
7848522 0 0
-4370064 0 0
-5904582 0 0
-15988092 0 0
-2330194 0 0
-59006 0 0
-7427154 0 0
1790814 0 0
-99550 0 0
-1688006 0 0
-6108388 0 0
5536066 0 0
-43601814 0 0
408336 0 0
10901268 0 0
5009718 0 0
7848522 0 0
-4370064 0 0
-5904582 0 0
-15988092 0 0
-2330194 0 0
-59006 0 0
-7427154 0 0
1790814 0 0
-99550 0 0
-1688006 0 0
-6108388 0 0
5536066 0 0
-43601814 0 0
408336 0 0
10901268 0 0
5009718 0 0
7848522 0 0
-4370064 0 0
-5904582 0 0
1936
0
0
0
0
0
0
960
0
0
0
0
0
0
0
0
0
0
0
0
0
0
0
960
0
0
0
0
0
0
0
0
0
0
0
0
0
0
0
960
0
0
0
0
0
0
0
0
0
0
0
0
0
0
0
960
0
0
0
0
0
0
0
0
0
0
0
0
0
0
0
960
0
0
0
0
0
0
0
0
0
36
0
0
0
0
0
570
130
0
0
0
0
0
0
0
0
690
0
0
0
78
0
0
2186
0
0
0
181
0
288
0
0
357
0
0
0
638
0
0
0
0
0
1083
377
0
0
0
0
0
0
0
0
0
0
0
0
0
0
365
0
0
0
0
727
0
0
0
0
0
0
0
762
0
0
0
65
0
0
0
725
0
0
0
0
0
0
960
0
0
0
0
0
0
0
0
0
0
0
0
0
0
0
960
0
0
0
0
0
0
0
0
0
0
0
0
0
0
0
960
0
0
0
0
0
0
0
0
0
0
0
0
0
0
0
960
0
0
0
0
0
0
0
0
0
0
0
0
0
0
0
960
0
0
0
0
0
0
0
0
0
0
0
0
0
0
0
962
0
0
0
0
0
0
0
0
0
657
0
0
0
0
0
0
1342
0
0
0
0
0
0
0
0
1445
0
171
0
1131
0
0
2356
0
0
0
0
0
184
0
0
870
0
0
318
133
0
0
0
0
0
2062
0
0
0
0
0
0
0
0
0
0
0
0
0
0
0
932
0
0
0
0
1710
0
0
0
0
0
0
0
1011
0
0
0
0
0
0
0
719
0
0
0
0
0
0
960
0
0
0
0
0
0
0
0
0
0
0
0
0
0
0
960
0
0
0
0
0
0
0
0
0
0
0
0
0
0
0
960
0
0
0
0
0
0
0
0
0
0
0
0
0
0
0
960
0
0
0
0
0
0
0
0
0
0
0
0
0
0
0
960
0
0
0
0
0
0
0
0
0
0
0
0
0
0
0
920
0
0
0
0
0
0
0
0
0
1259
0
0
0
0
0
0
2349
0
0
0
0
0
426
0
0
2036
0
830
0
2106
0
0
1235
0
0
0
0
0
0
0
0
0
0
0
569
793
0
0
0
0
0
1307
0
0
0
0
220
0
0
0
0
0
0
0
588
0
3
823
0
0
0
0
2882
0
0
0
0
0
0
0
1230
0
0
0
0
0
0
0
844
0
0
0
0
0
0
960
0
0
0
0
0
0
0
0
0
0
0
0
0
0
0
960
0
0
0
0
0
0
0
0
0
0
0
0
0
0
0
960
0
0
0
0
0
0
0
0
0
0
0
0
0
0
0
960
0
0
0
0
0
0
0
0
0
0
0
0
0
0
0
968
0
0
0
0
0
0
0
0
0
98
0
0
0
0
0
307
365
0
0
0
0
0
0
0
0
925
0
1245
0
946
0
0
3278
0
0
0
0
0
327
0
0
2027
0
0
1325
2827
0
0
0
0
0
0
0
0
0
0
0
0
0
0
1611
542
0
0
0
0
704
338
0
0
0
0
2085
0
0
0
0
0
0
0
1970
196
0
0
0
0
0
0
3055
0
0
0
0
0
0
0
914
0
0
0
0
0
0
0
476
0
0
0
0
0
0
960
0
0
0
0
0
0
0
0
0
0
0
0
0
0
0
960
0
0
0
0
0
0
0
0
0
0
0
0
0
0
0
960
0
0
0
0
0
0
0
0
0
0
0
0
0
0
0
960
0
0
0
0
0
0
0
0
0
0
0
0
0
0
0
890
0
0
0
0
0
0
0
0
0
390
0
0
0
0
0
0
1818
0
0
0
323
0
0
0
0
1158
0
1144
0
2698
0
0
1995
0
0
0
0
0
0
0
0
685
0
0
1635
2019
0
0
0
0
0
0
0
0
0
0
0
0
0
0
208
0
0
0
0
0
838
175
0
0
0
0
3804
0
0
0
0
0
0
0
1776
0
65
0
285
0
0
0
2231
0
0
0
0
0
0
603
321
0
0
0
57
0
0
0
222
0
0
0
0
0
0
960
0
0
0
0
0
0
0
0
0
0
0
0
0
0
0
960
0
0
0
0
0
0
0
0
0
0
0
0
0
0
0
960
0
0
0
0
0
0
0
0
0
0
0
0
0
0
0
975
0
0
0
0
0
0
0
0
0
319
0
0
0
0
0
0
879
0
0
0
68
0
0
0
0
432
0
0
0
1330
0
0
2852
0
0
0
376
0
212
0
0
815
0
0
986
3186
0
0
0
0
0
0
0
0
0
0
0
0
0
0
1562
897
0
0
0
0
309
0
0
0
0
0
2468
0
0
0
0
0
0
0
1473
0
403
0
0
0
0
0
4003
0
0
0
0
0
0
0
1192
31
0
0
0
0
0
0
979
0
0
0
0
0
0
869
0
0
0
0
0
0
0
0
0
0
0
0
0
0
0
960
0
0
0
0
0
0
0
0
0
0
0
0
0
0
0
960
0
0
0
0
0
0
0
0
0
0
0
0
0
0
0
960
0
0
0
0
0
0
0
0
0
0
0
0
0
0
0
885
0
0
0
0
0
0
0
0
0
1014
0
0
0
0
0
0
2477
0
0
0
247
0
0
0
0
1538
0
270
0
2622
0
0
1334
0
0
0
0
0
0
0
0
0
0
0
1443
1646
0
0
0
0
0
0
0
0
0
0
57
0
0
0
0
0
0
0
0
0
802
0
0
0
0
0
4234
0
0
0
0
0
0
0
1913
0
362
0
0
0
0
0
2383
0
0
0
0
0
0
1058
407
0
0
0
0
0
0
0
0
0
0
0
0
0
0
1136
0
0
0
0
0
0
0
0
0
0
0
0
0
0
0
960
0
0
0
0
0
0
0
0
0
0
0
0
0
0
0
960
0
0
0
0
0
0
0
0
0
0
0
0
0
0
0
977
0
0
0
0
0
0
0
0
0
248
0
0
0
0
0
0
664
0
0
0
0
0
0
0
0
965
0
571
0
1262
0
0
3066
0
0
0
0
0
529
0
0
1881
0
0
858
2990
0
0
0
0
0
0
0
0
0
0
0
0
0
0
933
368
0
0
0
0
999
0
0
0
0
0
2902
0
0
0
0
0
0
0
1306
0
456
0
0
0
0
0
4053
0
0
0
0
0
0
0
1249
0
0
0
148
0
0
0
864
0
0
0
0
0
0
1177
0
0
0
0
0
0
0
0
0
0
0
0
0
0
0
960
0
0
0
0
0
0
0
0
0
0
0
0
0
0
0
960
0
0
0
0
0
0
0
0
0
0
0
0
0
0
0
960
0
0
0
0
0
0
0
0
0
0
0
0
0
0
0
867
0
0
0
0
0
0
0
0
0
475
0
0
0
0
0
0
2154
0
0
0
284
0
29
0
0
1376
0
806
0
2781
0
0
1488
0
0
0
0
0
0
0
0
718
0
0
1972
1743
0
0
0
0
0
0
0
0
0
0
72
0
0
0
0
0
0
0
0
0
1159
0
0
0
0
0
4289
0
0
0
0
0
0
0
1826
0
75
0
0
0
0
0
2046
0
0
0
0
0
0
830
383
0
0
0
9
0
0
0
61
0
0
0
0
0
0
1010
0
0
0
0
0
0
0
0
0
0
0
0
0
0
0
960
0
0
0
0
0
0
0
0
0
0
0
0
0
0
0
960
0
0
0
0
0
0
0
0
0
0
0
0
0
0
0
960
0
0
0
0
0
0
0
0
0
573
0
0
0
0
0
0
909
0
0
0
131
0
0
0
0
1350
0
376
0
739
0
0
2792
0
0
0
142
0
2
0
0
1905
0
218
1266
2291
0
0
0
0
0
0
0
0
0
0
0
0
0
0
1554
0
0
0
0
0
1312
0
0
0
0
0
3247
0
0
0
0
0
0
0
1273
0
1017
0
0
0
0
0
4027
0
0
0
0
0
0
264
1143
0
0
0
0
0
0
0
589
0
0
0
0
0
0
1215
0
0
0
0
0
0
0
0
0
0
0
0
0
0
0
960
0
0
0
0
0
0
0
0
0
0
0
0
0
0
0
960
0
0
0
0
0
0
0
0
0
0
0
0
0
0
0
960
0
0
0
0
0
0
0
0
0
0
0
0
0
0
0
960
0
0
0
0
0
0
0
0
0
1067
0
0
0
0
0
0
1332
0
0
0
73
0
0
0
0
3193
0
784
0
717
0
0
1474
0
0
0
0
1256
0
0
0
2087
0
0
0
0
0
0
0
0
435
0
0
1125
0
0
1811
0
0
0
0
0
0
0
0
0
1621
0
0
0
0
0
4834
0
0
0
0
0
0
0
1803
0
84
0
37
0
0
0
2326
0
0
0
0
0
0
997
376
0
0
0
0
0
0
0
0
0
0
0
0
0
0
1036
0
0
0
0
0
0
0
0
0
0
0
0
0
0
0
960
0
0
0
0
0
0
0
0
0
0
0
0
0
0
0
960
0
0
0
0
0
0
0
0
0
0
0
0
0
0
0
960
0
0
0
0
0
0
0
0
0
