# conv_l2_real_A.csv frame 0: final outputs (FIFO out_data), 16 ch x 11 x 11
# values      : 1936 / 1936
# cycles      : 2504 .. 4939
# out_ch_done : 16 values (last pixel x 16 och)
# vs Python   : 1936 exact, 0 different

och  0
      x0    x1    x2    x3    x4    x5    x6    x7    x8    x9    x10  
  y0      0     0     0    79   241   443     0     0     0     0     0
  y1      0     0     0   359   699   673     0     0     0     0     0
  y2      0     0   247   481   853   143     0     0     0     0     0
  y3      0   197   626   678     9     0     0     0     0     0     0
  y4      0   532  1330   687     0     0     0     0     0     0     0
  y5      5   856  1790   282     0     0     0     0     0     0     0
  y6    214  1193  1485     0     0     0     0     0     0     0     0
  y7    533  1568  1120     0     0   341     0     0     0     0     0
  y8    731  2299  1428     0     0    71     0     0     0     0     0
  y9    458  2492  2446     0     0     0     0     0     0     0     0
  y10     0   990  2322   655   137     0     0     0     0     0     0

och  1
      x0    x1    x2    x3    x4    x5    x6    x7    x8    x9    x10  
  y0      0     0     0     0     0     0     0     0     0     0     0
  y1      0     0     0     0     0     0     0     0     0     0     0
  y2      0     0     0     0     0     0     0     0     0     0     0
  y3      0     0     0     0     0     0     0     0     0     0     0
  y4      0     0     0     0     0     0     0     0     0     0     0
  y5      0     0     0     0     0     0     0     0     0     0     0
  y6      0     0     0     0     0     0     0     0     0     0     0
  y7      0     0     0     0     0     0     0     0     0     0     0
  y8      0     0     0     0     0     0     0     0     0     0     0
  y9      0     0     0     0     0     0     0     0     0     0     0
  y10     0     0     0     0     0     0     0     0     0     0     0

och  2
      x0    x1    x2    x3    x4    x5    x6    x7    x8    x9    x10  
  y0      0     0     0     0     0     0     0     0     0     0     0
  y1      0     0     0     0     0     0   218     0     0     0     0
  y2      0     0     0     0     0   711   554     0     0     0     0
  y3      0     0     0     0   731  1535   813    34     0     0     0
  y4      0     0     0   173  1250  1848   390   145   163     0     0
  y5      0     0     0   605  1720   605     0     0     0     0     0
  y6      0     0     0   844  1459   197   360   859     0     0     0
  y7      0     0   161   573  1071   495  1899  2058     0     0     0
  y8      0     0   289  1299   686  1680  2149   921     0     0     0
  y9      0     0   617  1294  1080  1159   694     0     0     0     0
  y10     0     0    72   251   517   114     0     0     0     0     0

och  3
      x0    x1    x2    x3    x4    x5    x6    x7    x8    x9    x10  
  y0      0     0     0     0     0     0   245   892     0     0     0
  y1      0     0     0     0     0   890  1423     0     0     0     0
  y2      0     0     0     0   997  2344   888     0     0     0     0
  y3      0     0     0     0  2256  1180     0     0    64    64     0
  y4      0     0     0  1198   586     0     0    50     0     0     0
  y5      0     0     0  1163     0     0     0     0     0     0     0
  y6      0     0   488     0     0     0   297     0     0     0     0
  y7      0     0   386     0     0   640   222   211   563     0     0
  y8      0     0   297     0     0   696   666  1097     0     0     0
  y9      0   506     0     0   534  1068   901     0     0     0    69
  y10    42    90     0   500   420     0     0     0     0    91     0

och  4
      x0    x1    x2    x3    x4    x5    x6    x7    x8    x9    x10  
  y0      1     1     0     0   512  1716  1923   230     0     0     7
  y1      1     1     0   359  1626  2401   458     0     0     0     0
  y2      1     0    62  1409  2367   874     0     0     0     0     0
  y3      0    25  1000  1751  1217     0     0     0     0     0     8
  y4      0   340  1216   327     0     0     0   384   388     0     0
  y5      0   425   613     0     0     0  1196   501     0     0     0
  y6     56   486     0     0     0     0   738     0     0     0     0
  y7    233   617     0     0     0     0    87     0     0     0     0
  y8    236   417     0     0     0     0     0     0     0     0     0
  y9      0     0     0     0     0     0     0     0     0     0     0
  y10     0     0     0     0     0     0     0     0     0     0     3

och  5
      x0    x1    x2    x3    x4    x5    x6    x7    x8    x9    x10  
  y0      0     0     0     0     0     0     0     0     0     0     0
  y1      0     0     0     0     0     0     0     0     0     0     0
  y2      0     0     0     0     0     0     0   239     0     0     0
  y3      0     0     0     0     0     0     0     0     0     0     0
  y4      0     0     0     0     0     0     0     0     0     0     0
  y5      0     0     0   974     0     0     0     0     0     0     0
  y6      0     0     0  1795     0     0     0  1023     0     0     0
  y7      0     0   155  1639     0     0     0  1046  1480     0     0
  y8      0     0   880   621     0     0     0     0   110     0     0
  y9      0     0     0     0     0     0     0     0     0     0     0
  y10     0     0     0     0     0     0     0     0     0     0     0

och  6
      x0    x1    x2    x3    x4    x5    x6    x7    x8    x9    x10  
  y0    718   718   716   358     0     0     0     0     0    68   708
  y1    718   718   649     0     0     0     0     0     0     0   688
  y2    718   665   104     0     0     0     0     0     0     0   697
  y3    715   138     0     0     0     0     0     0  1040   798   721
  y4    680     0     0     0     0     0     0   842  1879  1180   712
  y5    500     0     0     0     0     0     0     0     0   234   610
  y6    130     0     0     0     0     0     0     0     0     0     0
  y7      0     0     0     0     0     0     0     0     0     0     0
  y8      0     0     0     0     0     0     0     0     0     0     0
  y9    463   631     0     0     0     0     0     0     0   230   554
  y10   946  1838  2157   224     0     0     0     0     0   723   720

och  7
      x0    x1    x2    x3    x4    x5    x6    x7    x8    x9    x10  
  y0      0     0     0     0  1052  1139     0     0     0     0     0
  y1      0     0     0   816  1797     0     0     0   265   633     0
  y2      0     0   385  2093   222     0     0     0  1261   437     0
  y3      0    76  1753  1186     0     0     0   115     0     0     0
  y4      0   710  2248     0     0     0   395     0     0     0     0
  y5      0  1302  1049     0     0  2375     0     0     0     0     0
  y6    150  1804     0     0     0  1387     0     0     0     0     0
  y7    558  1876     0     0  1558     0     0     0     0     0   917
  y8    781  1456     0     0   893     0     0     0     0   795   593
  y9    469   392     0   440     0     0     0     0   329   460     0
  y10     0     0     0     0     0     0     0   436   450     0     0

och  8
      x0    x1    x2    x3    x4    x5    x6    x7    x8    x9    x10  
  y0      0     0     0     0     0   207   768     0     0     0     0
  y1      0     0     0     0     0     0     0  1086     0     0     0
  y2      0     0     0     0     0     0     0     0   541     0     0
  y3      0     0     0     0     0     0     0     0     0     0     0
  y4      0     0     0     0     0     0     0     0     0     0     0
  y5      0     0     0     0     0   282   870   456     0     0     0
  y6      0     0     0     0     0     0   381  1277  1424     0     0
  y7      0     0     0     0     0     0     0     0   915   280     0
  y8      0     0   644     0     0     0     0     0     0     0     0
  y9      0     0  1183   977     0     0     0     0     0     0     0
  y10     0     0     0     0     0     0     0     0     0     0     0

och  9
      x0    x1    x2    x3    x4    x5    x6    x7    x8    x9    x10  
  y0      0     0     0     0     0     0     0     0     0     0     0
  y1      0     0     0     0    59  1026     0     0     0     0     0
  y2      0     0     0    32  1143  1669  1527   640     0     0     0
  y3      0     0     0   307   494   150     0     0     0     0     0
  y4      0     0   116   568     0     0     0     0     0     0     0
  y5      0     0   441     0     0     0     0     0     0     0     0
  y6      0   184   480     0     0     0  1589     0     0     0     0
  y7      0   401   519     0     0  1211  2556  1888   150     0     0
  y8      0   471   754   446   499  2044  2332  1808   586     0     0
  y9      0   333  1195  2351  2885  3234  2655  1535   388     0     0
  y10     0   338   851  2135  2614  2488  1823   452     0     0     0

och 10
      x0    x1    x2    x3    x4    x5    x6    x7    x8    x9    x10  
  y0      0     0     0     0     0     0     0   239     0     0     0
  y1      0     0     0     0     0     0     0     0     0     0     0
  y2      0     0     0   267     0     0     0     0     0     0     0
  y3      0     0    58   276     0     0     0     0     0     0     0
  y4      0     0   348     0    56     0     0     0     0     0     0
  y5      0   389   153     0  1590   198     0     0   454     0     0
  y6      0   682     0   452  2795     0     0     0     0     0     0
  y7      0   513     0   573  2348     0     0     0     0     0     0
  y8     48   418     0  1932   393     0     0     0     0     0     0
  y9      0     0     0  1930   294     0     0     0     0     0     0
  y10     0     0     0     0     0     0     0     0     0     0     0

och 11
      x0    x1    x2    x3    x4    x5    x6    x7    x8    x9    x10  
  y0      0     0     0     0   278   496  1851  2222  1233   565     0
  y1      0     0    14   326   137     0     0     0     0     0     0
  y2      0     0   260   515     0     0     0     0     0     0     0
  y3      0     0   310    46     0     0     0     0    92    89     0
  y4      0     0     0     0     0   405  1222  1897  1581   723   234
  y5      0   156     0     0     0   427   929  2666  2728  1596   704
  y6      0   105     0     0     0     0     0     0   933   572   525
  y7      0     0     0     0     0     0     0     0     0     0     0
  y8     19     0     0     0     0     0     0     0     0     0     0
  y9     41     0     0     0     0     0     0     0     0     0     0
  y10    12     0     0     0     0     0     0     0     0     0     0

och 12
      x0    x1    x2    x3    x4    x5    x6    x7    x8    x9    x10  
  y0      0     0     0     0     0     0     0     0     0     0     0
  y1      0     0     0     0     0     0     0     0     0     0     0
  y2      0     0     0     0     0     0     0   424   803   351     0
  y3      0     0     0     0     0   156    47     0   407   268     0
  y4      0     0     0     0     0     0     0     0     0   361   311
  y5      0     0     0     0     0     0     0     0     0     0     0
  y6      0     0     0     0     0     0     0     0     0     0     0
  y7      0     0     0     0     0     0     0     0     0     0     0
  y8    348   760     0     0     0     0     0   100   218   149   187
  y9    582  1843  1598     0     0     0     0     0     0   351   127
  y10   279   961  2443  3356  2505  1633   717   463   267    74     0

och 13
      x0    x1    x2    x3    x4    x5    x6    x7    x8    x9    x10  
  y0      0     0     0     0     0     0     0     0    59     0     0
  y1      0     0     0     0     0     0   689  1264   805    10     0
  y2      0     0     0     0     0     0   750   415     0     0     0
  y3      0     0     0     0     0     0     0     0     0     0     0
  y4      0     0     0     0     0     0     0     0     0     0     0
  y5      0     0     0     0     0     0     0     0     0     0     0
  y6      0     0     0     0     0   137   558   587    12   328     0
  y7      0     0     0     0     0     0     0     0   220   130     0
  y8      0     0     0     0   508     0     0   328     0     0     0
  y9      0    14     0   671  1155   975   865     0     0     0     0
  y10     0     0     0     0   463   788     0     0     0     0     0

och 14
      x0    x1    x2    x3    x4    x5    x6    x7    x8    x9    x10  
  y0      0     0     0     0     0     0     0     0     0     0     0
  y1      0     0     0     0     0     0     0     0     0     0     0
  y2      0     0     0     0     0     0     0     0     0     0     0
  y3      0     0     0     0     0     0     0     0     0     0     0
  y4      0     0     0     0     0     0     0     0     0     0     0
  y5      0     0     0     0     0     0     0     0     0     0     0
  y6      0     0     0     0     0     0     0     0     0     0     0
  y7      0     0     0     0     0     0     0     0     0     0     0
  y8      0     0     0     0     0     0     0     0     0     0     0
  y9      0     0     0     0     0     0     0     0     0     0     0
  y10     0     0     0     0     0     0     0     0     0     0     0

och 15
      x0    x1    x2    x3    x4    x5    x6    x7    x8    x9    x10  
  y0      0     0     0     0     0     0     0     0     0     0     0
  y1      0     0     0     0     0     0    81  1148    89     0     0
  y2      0     0     0     0     0   565  2228  1897     9     0     0
  y3      0     0     0     0     0  2389  2089   557     0     0     0
  y4      0     0     0     0  1164   246     0     0     0     0     0
  y5      0     0     0   928   219     0     0     0     0     0     0
  y6      0     0     0  1043     0     0     0     0   144     0     0
  y7      0     0     0     0     0     0   582  1160  1628   800     0
  y8      0     0     0     0     0   272  1404  2092  1981   431     0
  y9      0     0     0     0     0  1121  2098  2071   803     0     0
  y10     0     0     0   344   898  1745  1711   646     0     0     0
