# conv_l1_real_A.csv frame 0: final outputs, 6 ch x 26 x 26
# values      : 4056 / 4056
# cycles      : 68 .. 7544
# out_ch_done : 6 values (last pixel of each pass/frame)
# vs Python   : 4055 exact, 1 different

och  0
      x0    x1    x2    x3    x4    x5    x6    x7    x8    x9    x10   x11   x12   x13   x14   x15   x16   x17   x18   x19   x20   x21   x22   x23   x24   x25  
  y0      0     0     0     0     0     0     0     0     0     0     0     0     0     0     0     0     0     0     0     0     0     0     0     0     0     0
  y1      0     0     0     0     0     0     0     0     0     0     0     0     0     0     0     0     0     0     0     0     0     0     0     0     0     0
  y2      0     0     0     0     0     0     0     0     0     0     0     0     0     0     0     0     0     0     0     0     0     0     0     0     0     0
  y3      0     0     0     0     0     0     0     0     0     0     0     0     0   501     0     0     0     0     0     0     0     0     0     0     0     0
  y4      0     0     0     0     0     0     0     0     0     0     0   119   875  1030   804  1617  1838     0     0     0     0     0     0     0     0     0
  y5      0     0     0     0     0     0     0     0     0     0     0  1136   250    16  1353  2832  2678  1622  1416     0     0     0     0     0     0     0
  y6      0     0     0     0     0     0     0     0     0     0   255  1133     0   263   456  1824  3101  3388  1862     0     0     0     0     0     0     0
  y7      0     0     0     0     0     0     0     0     0   208  1745   556   457  1868     0   876  2077   962     0     0     0     0     0     0     0     0
  y8      0     0     0     0     0     0     0     0     0   373   553   841  2064  2084  1429  1892    20     0     0     0     0     0     0     0     0     0
  y9      0     0     0     0     0     0     0     0  1598     0     0     0  1464  2370  2954  1525     0     0     0     0     0     0     0     0     0     0
  y10     0     0     0     0     0     0     0  1418  2654   549   454     0   937  2223   779     0     0     0     0     0     0     0     0     0     0     0
  y11     0     0     0     0     0     0     0  2190  2948  1763  1045     0   916   328     0     0     0     0     0     0     0     0     0     0     0     0
  y12     0     0     0     0     0     0     0  2655  2166  1507     0    52  1226     0     0     0     0     0     0     0     0     0     0     0     0     0
  y13     0     0     0     0     0     0   761  2922  2322  1121     0   534  1163  1081     0     0     0     0     0     0     0     0     0     0     0     0
  y14     0     0     0     0     0     0   966  2771  2082   300     0     0  1535  2834  1752  1681  2771  2725  1544     0     0     0     0     0     0     0
  y15     0     0     0     0     0   512  1752  1644   846     0     0     0  1026  1456  2048  2915  2972  2972  2747     0     0     0     0     0     0     0
  y16     0     0     0     0     0  1490  2935  2138  1323    58     0  1104   507     0  1366  2945  2983  2902  2768   697     0     0     0     0     0     0
  y17     0     0     0     0     0  1779  3213  2758  1734   228   669  2510   736  1328  2462  3007  2984  2166  1598   928  1402   539     0     0     0     0
  y18     0     0     0     0     0  2388  3023  2025   891    23  2144  2447  1108  2640  2944  2981  2684  1323  1976  2290  1081     0     0     0     0     0
  y19     0     0     0     0     0  3296  4085  3476  1411   167   963   483  1552  2880  2907  2810  1820  1146  3098  2128   216     0     0     0     0     0
  y20     0     0     0     0     0  2493  5030  6141  4195  1720   302   914  2661  2954  2155  1617  1013  1864  1392     0     0     0     0     0     0     0
  y21     0     0     0     0     0   937  3926  7137  6199  3727  2814  2849  3032  2887  1944  2640  2351  1094     0     0     0     0     0     0     0     0
  y22     0     0     0     0     0     0  1415  5957  7765  7263  5828  5436  4978  3551  3086  3704  2161   232     0     0     0     0     0     0     0     0
  y23     0     0     0     0     0     0     0   919  4420  6338  6206  5833  5105  3724  2908  1060     0     0     0     0     0     0     0     0     0     0
  y24     0     0     0     0     0     0     0     0     0  1312  2390  2460  2107  1155     0     0     0     0     0     0     0     0     0     0     0     0
  y25     0     0     0     0     0     0     0     0     0     0     0     0     0     0     0     0     0     0     0     0     0     0     0     0     0     0

och  1
      x0    x1    x2    x3    x4    x5    x6    x7    x8    x9    x10   x11   x12   x13   x14   x15   x16   x17   x18   x19   x20   x21   x22   x23   x24   x25  
  y0   1681  1681  1681  1681  1681  1681  1681  1681  1681  1681  1681  1681  1681  1560   987   308    96   676  1332  1665  1681  1681  1681  1681  1681  1681
  y1   1681  1681  1681  1681  1681  1681  1681  1681  1681  1681  1681  1681  1629  1029     0     0     0     0   160  1560  1681  1681  1681  1681  1681  1681
  y2   1681  1681  1681  1681  1681  1681  1681  1681  1681  1681  1681  1351   175     0     0     0     0     0     0  1003  1616  1681  1681  1681  1681  1681
  y3   1681  1681  1681  1681  1681  1681  1681  1681  1681  1681  1595   481     0     0     0     0     0     0     0   183  1409  1681  1681  1681  1681  1681
  y4   1681  1681  1681  1681  1681  1681  1681  1681  1681  1681  1332     0     0     0     0     0     0     0     0   452  1373  1681  1681  1681  1681  1681
  y5   1681  1681  1681  1681  1681  1681  1681  1681  1664  1523     0     0     0     0     0     0  1250  2257  2003  1826  1652  1681  1681  1681  1681  1681
  y6   1681  1681  1681  1681  1681  1681  1681  1681  1299     0     0     0     0     0     0  1728  4660  3698  2720  1987  1735  1681  1681  1681  1681  1681
  y7   1681  1681  1681  1681  1681  1681  1681  1664   847     0     0     0     0     0     0  1489  2890  2234  1828  1689  1681  1681  1681  1681  1681  1681
  y8   1681  1681  1681  1681  1681  1681  1681  1108     0     0     0     0     0  1061  2641  2328  2023  1725  1681  1681  1681  1681  1681  1681  1681  1681
  y9   1681  1681  1681  1681  1681  1681  1542     0     0     0     0     0  1299  3944  3116  2505  1809  1649  1632  1681  1681  1681  1681  1681  1681  1681
  y10  1681  1681  1681  1681  1681  1647  1274     0     0     0     0     0  1412  2807  1981  1542   971   906  1062  1546  1665  1681  1681  1681  1681  1681
  y11  1681  1681  1681  1681  1681  1524   723     0     0     0     0     0  1388  1462     0     0     0     0     0     0  1313  1681  1681  1681  1681  1681
  y12  1681  1681  1681  1681  1681  1211     0     0     0     0     0   213   378     0     0     0     0     0     0     0     0  1253  1599  1681  1681  1681
  y13  1681  1681  1681  1681  1681  1081     0     0     0     0     0     0     0     0     0     0     0     0     0     0     0     0  1123  1681  1681  1681
  y14  1681  1681  1681  1681  1647   545     0     0     0     0     0     0     0     0     0     0     0     0     0     0     0     0   892  1681  1681  1681
  y15  1681  1681  1681  1681  1611     0     0     0     0     0     0     0     0     0     0     0     0     0     0     0     0     0  1046  1681  1681  1681
  y16  1681  1681  1681  1681  1543     0     0     0     0     0     0     0     0     0     0     0     0     0     0     0   111  1384  1508  1681  1681  1681
  y17  1681  1681  1681  1647  1313     0     0     0     0     0     0     0     0     0     0     0     0     0     0  1332  1503  2095  1743  1681  1681  1681
  y18  1681  1681  1681  1611  1075     0     0     0     0     0     0     0     0     0     0     0     0     0  2519  3302  2013  1827  1702  1681  1681  1681
  y19  1681  1681  1681  1665  1540   581     0     0     0     0     0     0     0     0     0     0   392  2905  3611  3012  2050  1720  1685  1681  1681  1681
  y20  1681  1681  1681  1720  1956  2403  2293     0     0     0     0     0     0     0     0     0  1818  1989  2334  1886  1716  1681  1681  1681  1681  1681
  y21  1681  1681  1681  1701  1891  3056  4240  2079     0     0     0     0     0     0   846  3175  3374  1998  1767  1685  1681  1681  1681  1681  1681  1681
  y22  1681  1681  1681  1681  1750  2641  4261  5542  5277  2966  1405  1423  2234  4109  4652  4244  3042  2055  1716  1681  1681  1681  1681  1681  1681  1681
  y23  1681  1681  1681  1681  1681  1895  2636  4343  5759  6303  5679  5594  5493  4795  3198  2448  1876  1712  1681  1681  1681  1681  1681  1681  1681  1681
  y24  1681  1681  1681  1681  1681  1691  1758  2190  3275  4284  4554  4447  3943  2856  1945  1713  1681  1681  1681  1681  1681  1681  1681  1681  1681  1681
  y25  1681  1681  1681  1681  1681  1681  1681  1759  2062  2347  2482  2452  2292  1985  1766  1685  1681  1681  1681  1681  1681  1681  1681  1681  1681  1681

och  2
      x0    x1    x2    x3    x4    x5    x6    x7    x8    x9    x10   x11   x12   x13   x14   x15   x16   x17   x18   x19   x20   x21   x22   x23   x24   x25  
  y0      0     0     0     0     0     0     0     0     0     0     0     0     0     0     0     0     0    76    17     0     0     0     0     0     0     0
  y1      0     0     0     0     0     0     0     0     0     0     0     0     0     0     0     0    90   603   361     0     0     0     0     0     0     0
  y2      0     0     0     0     0     0     0     0     0     0     0     0     0     0     0     0   858  1792  1269   125     0     0     0     0     0     0
  y3      0     0     0     0     0     0     0     0     0     0     0     0     0     0   663  2615  3277  3133  2489   466    37     0     0     0     0     0
  y4      0     0     0     0     0     0     0     0     0     0     0     0     0  1581  3965  6053  6312  4885  2974   766   143     0     0     0     0     0
  y5      0     0     0     0     0     0     0     0     0     0     0     0   777  3919  5920  7108  7047  5207  2686   680   123     0     0     0     0     0
  y6      0     0     0     0     0     0     0     0     0     0     0   219  2607  5517  7206  7578  5976  3737  1295   236     0     0     0     0     0     0
  y7      0     0     0     0     0     0     0     0     0     0     0  2355  5541  6834  6906  5714  2672   845    65     0     0     0     0     0     0     0
  y8      0     0     0     0     0     0     0     0     0     0  2188  4733  6940  7205  5313  2835   641    81     0     0     0     0     0     0     0     0
  y9      0     0     0     0     0     0     0     0     0   596  4137  6646  7338  5983  3490   934    95     0     0     0     0     0     0     0     0     0
  y10     0     0     0     0     0     0     0     0   382  3374  6256  7096  5935  2698   802     0     0     0    64     0     0     0     0     0     0     0
  y11     0     0     0     0     0     0     0    46  2142  5278  7037  5901  3335   567     0     0     0    60   658   264    31     0     0     0     0     0
  y12     0     0     0     0     0     0     0   598  3018  6307  6832  4702  1194     0     0     0   397   806  1781  1083   431    21     0     0     0     0
  y13     0     0     0     0     0     0     0  1441  4033  6685  5742  2931     0     0   634  2776  4293  3718  2584  1839  1406   466    95     0     0     0
  y14     0     0     0     0     0     0   242  2337  4381  6008  4531  1991    34  1162  3657  6005  6321  5599  4234  3223  2762  1316   363     0     0     0
  y15     0     0     0     0     0     0    49  2749  4811  5532  3814  1220   385  2923  4931  6357  6418  6355  6179  5539  4269  1873   463     0     0     0
  y16     0     0     0     0     0     0   817  3691  5599  5612  3302  1003   658  4048  5776  6402  6426  6654  6901  6207  4357  1613   360     0     0     0
  y17     0     0     0     0     0   255  1780  4580  6068  5735  2974  1948  3062  5660  6309  6433  6484  6963  7255  5846  3521   830   107     0     0     0
  y18     0     0     0     0     0   213  1989  5059  6139  5408  3009  3071  4931  6268  6413  6473  6987  7313  6364  3569  1555   174     0     0     0     0
  y19     0     0     0     0    84   997  2520  5342  5403  4431  3487  4098  5924  6403  6645  6973  7496  6581  4388  1553   355     0     0     0     0     0
  y20     0     0     0     1   321  1915  3278  4982  4938  4428  4830  5793  6351  6480  6960  7272  6352  3994  1114   138     0     0     0     0     0     0
  y21     0     0     0     0   183  1659  3061  4170  5000  6020  6236  6415  6615  7171  7221  6257  3583  1506   138     0     0     0     0     0     0     0
  y22     0     0     0     0    28   979  2526  4133  4760  6101  6644  6803  7040  7208  6202  3998  1545   345     0     0     0     0     0     0     0     0
  y23     0     0     0     0     0   177   929  2731  4255  5121  5913  5985  5793  4664  2694   751   115     0     0     0     0     0     0     0     0     0
  y24     0     0     0     0     0     0    37   488  1524  2335  2825  2772  2299  1254   422     0     0     0     0     0     0     0     0     0     0     0
  y25     0     0     0     0     0     0     0    38   346   629   735   699   536   229    19     0     0     0     0     0     0     0     0     0     0     0

och  3
      x0    x1    x2    x3    x4    x5    x6    x7    x8    x9    x10   x11   x12   x13   x14   x15   x16   x17   x18   x19   x20   x21   x22   x23   x24   x25  
  y0      0     0     0     0     0     0     0     0     0     0     0     0     0     0     0   260   416   224     0     0     0     0     0     0     0     0
  y1      0     0     0     0     0     0     0     0     0     0     0     0     0     0   177  1184  2357  2051   808     0     0     0     0     0     0     0
  y2      0     0     0     0     0     0     0     0     0     0     0     0   220   754   753  2398  5110  5541  3118   200     0     0     0     0     0     0
  y3      0     0     0     0     0     0     0     0     0     0     0     0    27     0     0  1623  4147  7235  5649  1011     0     0     0     0     0     0
  y4      0     0     0     0     0     0     0     0     0     0     0     0     0     0     0    48  1152  5118  5307  1455   137     0     0     0     0     0
  y5      0     0     0     0     0     0     0     0     0     0     0     0     0     0     0     0     0  2286  2533   704    36     0     0     0     0     0
  y6      0     0     0     0     0     0     0     0     0   243     0     0     0     3     0     0     0   420   142     0     0     0     0     0     0     0
  y7      0     0     0     0     0     0     0     0     0     0     0     0     0   106  1845  1739   199   250     0     0     0     0     0     0     0     0
  y8      0     0     0     0     0     0     0     0     0     0     0     0     0     0  2045  2079   341     0     0     0     0     0     0     0     0     0
  y9      0     0     0     0     0     0     0     0     0     0     0     0     0   103   864   222     0     0     0     0     0     0     0     0     0     0
  y10     0     0     0     0     0     0     0     0     0     0   222  1559  1611   670   573     0     0    80    98     0     0     0     0     0     0     0
  y11     0     0     0     0     0     0     0     0     0     0   807  3433  2624   562   867  1561  2465  2852  2545   715     0     0     0     0     0     0
  y12     0     0     0     0     0     0     0     0     0     0  2005  3904  1869   943  1228  2831  3767  5754  6663  3468  1168     0     0     0     0     0
  y13     0     0     0     0     0     0     0     0     0   481  3580  3550   350     0     0  1357  1840  4295  7382  6978  4411  1278   117     0     0     0
  y14     0     0     0     0     0     0     0     0     0  2310  4966  2783     0     0     0    65   341  1560  3667  6416  6514  2966   619     0     0     0
  y15     0     0     0     0     0     0     0     0     0  3327  5700  3041     0     0     0   220   309   398   757  3791  5705  3111   747     0     0     0
  y16     0     0     0     0     0     0     0     0     0  3345  5643  2044     0     0     0   265   305   118     0  2229  4087  2027   464     0     0     0
  y17     0     0     0     0     0     0     0     0   329  3105  3943     0     0     0   116   268   250   283   168  1882  2396   430     0     0     0     0
  y18     0     0     0     0     0     0     0     0  1258  3609  1913     0     0   136   277   234     0   253   488  1369  1421     0     0     0     0     0
  y19     0     0     0     0     0     0     0     0  2387  4840  1366     0     0   263   102     0     0  1073   452     0   110     0     0     0     0     0
  y20     0     0     0     0     0     0     0     0   568  3121  1299     0   206   251   273   130  1106  1944   460     0     0     0     0     0     0     0
  y21     0     0     0     0     0     0     0     0     0    79   252   104     0     0     0   137  1299  1496    10     0     0     0     0     0     0     0
  y22     0     0     0     0     0     0     0     0     0     0     0     0     0     0     0     0     0    98     0     0     0     0     0     0     0     0
  y23     0     0     0     0     0     0     0     0     0     0     0     0     0     0   155     0     0     0     0     0     0     0     0     0     0     0
  y24     0     0     0     0     0     0     0     0     0     0     0     0     0     0   238     0     0     0     0     0     0     0     0     0     0     0
  y25     0     0     0     0     0     0     0     0     0     0     0     0     0     0     0     0     0     0     0     0     0     0     0     0     0     0

och  4
      x0    x1    x2    x3    x4    x5    x6    x7    x8    x9    x10   x11   x12   x13   x14   x15   x16   x17   x18   x19   x20   x21   x22   x23   x24   x25  
  y0      0     0     0     0     0     0     0     0     0     0     0     0     0     0     0     0     0     0     0     0     0     0     0     0     0     0
  y1      0     0     0     0     0     0     0     0     0     0     0     0     0     0     0   260    32     0     0     0     0     0     0     0     0     0
  y2      0     0     0     0     0     0     0     0     0     0     0     0     0     0     0   338   283   554     0     0     0     0     0     0     0     0
  y3      0     0     0     0     0     0     0     0     0     0     0     0     0   695  2486  2375  2755  2260     0     0     0     0     0     0     0     0
  y4      0     0     0     0     0     0     0     0     0     0     0     0   888  1013  1590   900  1247  1104     0    21     0     0     0     0     0     0
  y5      0     0     0     0     0     0     0     0     0     0     0     0   973   380  1102   951  1496   494   309   158    16     0     0     0     0     0
  y6      0     0     0     0     0     0     0     0     0     0     0  1420  1476  1468  1474     0     0     0     0     0     0     0     0     0     0     0
  y7      0     0     0     0     0     0     0     0     0   168   971  2152  1196   978    99     0     0     0     0     0     0     0     0     0     0     0
  y8      0     0     0     0     0     0     0     0     0   220   181  1087  1112  1105     0     0     0     0     0     0     0     0     0     0     0     0
  y9      0     0     0     0     0     0     0     0   471  1850  1433  1704     0     0     0     0     0     0     0     0     0     0     0     0     0     0
  y10     0     0     0     0     0     0     0     0  1756  1954  1397   197     0     0     0     0     0   115     0     0     0     0     0     0     0     0
  y11     0     0     0     0     0     0     0     0  1484   903  1428     0     0     0     0     0     0     0     0     0     0     0     0     0     0     0
  y12     0     0     0     0     0     0     0     0  1745  1086   671     0     0     0    92   910  1489  1721   302     0     0     0     0     0     0     0
  y13     0     0     0     0     0     0   277   292  1855   590     0     0     0   790  2673  2263  1981  1678   866   672     0     0     0     0     0     0
  y14     0     0     0     0     0     0     0     0   981   254     0     0   163  1023  1954   841   492   938  1724  2687   884    20     0     0     0     0
  y15     0     0     0     0     0     0   643   813  1010   655    50     0    68     0   428   392   398   451   649  1520     0     0     0     0     0     0
  y16     0     0     0     0     0     0  1265  1271  1301   615     0     0  1780  1025   690   439   429   781   965  1501     0   173     0     0     0     0
  y17     0     0     0     0     0     0   959   653  1102   245     0   704  1666   877   516   386   479   903     0     0     0     0     0     0     0     0
  y18     0     0     0     0     0     0  1485   628   840     0     0   875   652   455   423   490  1243  1057     0     0     0     0     0     0     0     0
  y19     0     0     0     0    72     0  1866  1230   471     0     0   573   684   441   773   936  1156     0     0     0     0     0     0     0     0     0
  y20     0     0     0     0     0     0   320   513  1599  1540  1354   930   483   500   896     0     0     0     0     0     0     0     0     0     0     0
  y21     0     0     0     0     0     0     0   151  1628  1061   619   598   715  1481   966    71     0     0     0     0     0     0     0     0     0     0
  y22     0     0     0     0     0     0     0     0   914  2257  1905  1910  1787   957     0     0     0     0     0     0     0     0     0     0     0     0
  y23     0     0     0     0     0     0     0     0     0     0     0     0     0     0     0     0     0     0     0     0     0     0     0     0     0     0
  y24     0     0     0     0     0     0     0     0     0     0     0     0     0     0     0     0     0     0     0     0     0     0     0     0     0     0
  y25     0     0     0     0     0     0     0     0     0     0     0     0     0     0     0     0     0     0     0     0     0     0     0     0     0     0

och  5
      x0    x1    x2    x3    x4    x5    x6    x7    x8    x9    x10   x11   x12   x13   x14   x15   x16   x17   x18   x19   x20   x21   x22   x23   x24   x25  
  y0     15    15    15    15    15    15    15    15    15    15    15    15    15    46   184   294   241    98    22    15    15    15    15    15    15    15
  y1     15    15    15    15    15    15    15    15    15    15    15    15    29   248   933  1199   815   201     7    14    15    15    15    15    15    15
  y2     15    15    15    15    15    15    15    15    15    15    15   100   405  1448  3119  3004  1519     0     0     4    16    15    15    15    15    15
  y3     15    15    15    15    15    15    15    15    15    15    38   503  1491  3507  4968  3982  1220     0     0     0     9    15    15    15    15    15
  y4     15    15    15    15    15    15    15    15    15    15   154  1510  3270  5365  4930  2726   195     0     0     0     0    15    15    15    15    15
  y5     15    15    15    15    15    15    15    15    20    55   732  3385  4903  5358  3169   691     0     0     0     0     0    15    15    15    15    15
  y6     15    15    15    15    15    15    15    15   123   524  2447  5440  5217  3595  1003     0     0     0     0     0     0    15    15    15    15    15
  y7     15    15    15    15    15    15    15    20   460  1549  4560  6105  4108  1001     0     0     0     0     0     0    15    15    15    15    15    15
  y8     15    15    15    15    15    15    15   172  1610  3637  6035  4516  1175     0     0     0     0     0    15    15    15    15    15    15    15    15
  y9     15    15    15    15    15    15    51   947  3654  5017  5281  2343     0     0     0     0     0     0    16    15    15    15    15    15    15    15
  y10    15    15    15    15    15    24   196  2495  5673  5237  2404     0     0     0     0     0   182   134    43    20    15    15    15    15    15    15
  y11    15    15    15    15    15    75   575  4386  6417  3676     0     0     0     0   120  1135  1642  1005   302    89    16    15    15    15    15    15
  y12    15    15    15    15    15   255  1299  5539  5925  2285     0     0     0   726  2659  2988  3406  1348   202   128    64    36    16    15    15    15
  y13    15    15    15    15    15   583  2166  5972  4873   381     0     0     0  3391  4991  4196  3249   518     0     0     0    87    10    15    15    15
  y14    15    15    15    15    24  1119  3188  5965  3590     0     0     0  2343  5294  4964  2817  1637   480     0     0     0     0     0    15    15    15
  y15    15    15    15    15    53  1857  4011  5772  3161     0     0     0  4211  6040  3898  1599  1485  1386  1065     0     0     0     0    15    15    15
  y16    15    15    15    15   121  2900  4980  4873  2084     0     0  1161  5070  5416  3476  1554  1470  1309   751     0     0     0     0    15    15    15
  y17    15    15    15    24   257  3816  5713  4002   871     0     0  3225  5442  3219  2074  1492  1412   669     0     0     0     0     0    15    15    15
  y18    15    15    15    53   507  4501  5861  3660   226     0     0  4317  4320  1873  1527  1437   940     0     0     0     0     0     0    15    15    15
  y19    15    15    15    90   719  4893  5355  2818     0     0  2387  4455  3092  1595  1311   861     0     0     0     0     0     0     0    15    15    15
  y20    15    15    15    87   692  4555  4746  2142   315   101  3092  3587  1838  1426   682     0     0     0     0     0     0    15    15    15    15    15
  y21    15    15    15    41   338  2999  3909  2874  1809  1285  1689  1657  1305   676     0     0     0     0     0     0    15    15    15    15    15    15
  y22    15    15    15    15   106  1448  2655  3157  1848   486   440   302     0     0     0     0     0     0     0    15    15    15    15    15    15    15
  y23    15    15    15    15    15   309  1036  2584  2486   146     0     0     0     0     0     0     0     0    15    15    15    15    15    15    15    15
  y24    15    15    15    15    15    28   103   655  1547   808     0     0     0     0     0     0    15    15    15    15    15    15    15    15    15    15
  y25    15    15    15    15    15    15    15   118   410   284     0     0     0     0     0     0    15    15    15    15    15    15    15    15    15    15
