# pool_l1_real_A.csv frame 0: final outputs, 6 ch x 13 x 13
# values      : 1014 / 1014
# cycles      : 27 .. 1351
# out_ch_done : 6 values (last pixel of each pass/frame)
# vs Python   : 1014 exact, 0 different

och  0
      x0    x1    x2    x3    x4    x5    x6    x7    x8    x9    x10   x11   x12  
  y0      0     0     0     0     0     0     0     0     0     0     0     0     0
  y1      0     0     0     0     0     0   501     0     0     0     0     0     0
  y2      0     0     0     0     0  1136  1030  2832  2678  1416     0     0     0
  y3      0     0     0     0   208  1745  1868  1824  3388  1862     0     0     0
  y4      0     0     0     0  1598   841  2370  2954    20     0     0     0     0
  y5      0     0     0  2190  2948  1045  2223   779     0     0     0     0     0
  y6      0     0     0  2922  2322   534  1226     0     0     0     0     0     0
  y7      0     0   512  2771  2082     0  2834  2915  2972  2747     0     0     0
  y8      0     0  1779  3213  1734  2510  1328  3007  2984  2768  1402     0     0
  y9      0     0  3296  4085  1411  2447  2880  2981  2684  3098  1081     0     0
  y10     0     0  2493  7137  6199  2849  3032  2640  2351  1392     0     0     0
  y11     0     0     0  5957  7765  6206  5105  3704  2161     0     0     0     0
  y12     0     0     0     0  1312  2460  2107     0     0     0     0     0     0

och  1
      x0    x1    x2    x3    x4    x5    x6    x7    x8    x9    x10   x11   x12  
  y0   1681  1681  1681  1681  1681  1681  1681   987   676  1665  1681  1681  1681
  y1   1681  1681  1681  1681  1681  1681   175     0     0  1003  1681  1681  1681
  y2   1681  1681  1681  1681  1681  1332     0     0  2257  2003  1681  1681  1681
  y3   1681  1681  1681  1681  1299     0     0  1728  4660  2720  1735  1681  1681
  y4   1681  1681  1681  1681     0     0  3944  3116  2023  1681  1681  1681  1681
  y5   1681  1681  1681  1274     0     0  2807  1981   971  1546  1681  1681  1681
  y6   1681  1681  1681     0     0   213   378     0     0     0  1253  1681  1681
  y7   1681  1681  1647     0     0     0     0     0     0     0     0  1681  1681
  y8   1681  1681  1543     0     0     0     0     0     0  1332  2095  1743  1681
  y9   1681  1681  1540     0     0     0     0     0  2905  3611  2050  1702  1681
  y10  1681  1720  3056  4240     0     0     0  3175  3374  2334  1716  1681  1681
  y11  1681  1681  2641  5542  6303  5679  5493  4652  3042  1716  1681  1681  1681
  y12  1681  1681  1691  2190  4284  4554  3943  1945  1681  1681  1681  1681  1681

och  2
      x0    x1    x2    x3    x4    x5    x6    x7    x8    x9    x10   x11   x12  
  y0      0     0     0     0     0     0     0     0   603   361     0     0     0
  y1      0     0     0     0     0     0     0  2615  3277  2489    37     0     0
  y2      0     0     0     0     0     0  3919  7108  7047  2974   143     0     0
  y3      0     0     0     0     0  2355  6834  7578  5976  1295     0     0     0
  y4      0     0     0     0   596  6646  7338  5313   641     0     0     0     0
  y5      0     0     0    46  5278  7096  5935   802    60   658    31     0     0
  y6      0     0     0  1441  6685  6832  1194  2776  4293  2584  1406    95     0
  y7      0     0     0  2749  6008  4531  2923  6357  6418  6179  4269   463     0
  y8      0     0   255  4580  6068  3302  5660  6433  6963  7255  4357   360     0
  y9      0     0   997  5342  6139  4098  6403  6973  7496  6364  1555     0     0
  y10     0     1  1915  4982  6020  6415  7171  7272  6352  1114     0     0     0
  y11     0     0   979  4133  6101  6803  7208  6202  1545     0     0     0     0
  y12     0     0     0   488  2335  2825  2299   422     0     0     0     0     0

och  3
      x0    x1    x2    x3    x4    x5    x6    x7    x8    x9    x10   x11   x12  
  y0      0     0     0     0     0     0     0  1184  2357   808     0     0     0
  y1      0     0     0     0     0     0   754  2398  7235  5649     0     0     0
  y2      0     0     0     0     0     0     0    48  5118  5307   137     0     0
  y3      0     0     0     0   243     0   106  1845   420   142     0     0     0
  y4      0     0     0     0     0     0   103  2079   341     0     0     0     0
  y5      0     0     0     0     0  3433  2624  1561  2852  2545     0     0     0
  y6      0     0     0     0   481  3904  1869  2831  5754  7382  4411   117     0
  y7      0     0     0     0  3327  5700     0   220  1560  6416  6514   747     0
  y8      0     0     0     0  3345  5643     0   268   305  2229  4087   464     0
  y9      0     0     0     0  4840  1913   263   277  1073  1369  1421     0     0
  y10     0     0     0     0  3121  1299   251   273  1944   460     0     0     0
  y11     0     0     0     0     0     0     0   155    98     0     0     0     0
  y12     0     0     0     0     0     0     0   238     0     0     0     0     0

och  4
      x0    x1    x2    x3    x4    x5    x6    x7    x8    x9    x10   x11   x12  
  y0      0     0     0     0     0     0     0   260    32     0     0     0     0
  y1      0     0     0     0     0     0   695  2486  2755     0     0     0     0
  y2      0     0     0     0     0     0  1013  1590  1496   309    16     0     0
  y3      0     0     0     0   168  2152  1476  1474     0     0     0     0     0
  y4      0     0     0     0  1850  1704  1112     0     0     0     0     0     0
  y5      0     0     0     0  1954  1428     0     0   115     0     0     0     0
  y6      0     0     0   292  1855   671   790  2673  1981   866     0     0     0
  y7      0     0     0   813  1010    50  1023  1954   938  2687   884     0     0
  y8      0     0     0  1271  1301   704  1780   690   903  1501   173     0     0
  y9      0     0    72  1866   840   875   684   936  1243     0     0     0     0
  y10     0     0     0   513  1628  1354  1481   966     0     0     0     0     0
  y11     0     0     0     0  2257  1910  1787     0     0     0     0     0     0
  y12     0     0     0     0     0     0     0     0     0     0     0     0     0

och  5
      x0    x1    x2    x3    x4    x5    x6    x7    x8    x9    x10   x11   x12  
  y0     15    15    15    15    15    15   248  1199   815    22    15    15    15
  y1     15    15    15    15    15   503  3507  4968  1519     4    16    15    15
  y2     15    15    15    15    55  3385  5365  4930   195     0    15    15    15
  y3     15    15    15    20  1549  6105  5217  1003     0     0    15    15    15
  y4     15    15    15   947  5017  6034  1175     0     0    16    15    15    15
  y5     15    15    75  4386  6417  2404     0  1135  1642   302    16    15    15
  y6     15    15   583  5972  5925     0  3391  4991  3406   202    87    16    15
  y7     15    15  1857  5965  3590     0  6040  4964  1637  1065     0    15    15
  y8     15    24  3816  5713  2084  3225  5442  3476  1470   751     0    15    15
  y9     15    90  4893  5861   226  4455  4320  1527   940     0     0    15    15
  y10    15    87  4555  4746  1809  3587  1838   682     0     0    15    15    15
  y11    15    15  1448  3157  2486   440     0     0     0    15    15    15    15
  y12    15    15    28   655  1547     0     0     0    15    15    15    15    15
