1 28 28 6 3 16
0 0 0 0 0 0 0 0 0 0 0 0 0 0 0 0
0 0 0 0 0 0 0 0 0 0 0 0 0 0 0 0
0 0 0 0 0 0 0 0 0 0 0 0 0 0 0 0
0 0 0 0 0 0 0 0 0 0 0 0 0 0 0 0
0 0 0 0 0 0 0 450 2056 2313 1285 64 0 0 0 0
0 0 0 0 0 0 0 0 0 0 0 0 0 0 0 0
0 0 193 2185 7260 7967 4947 450 0 0 0 0 0 0 0 0
0 0 0 0 0 0 0 0 0 0 0 0 0 1221 4176 11180
15613 15934 12979 2185 257 0 0 0 0 0 0 0 0 0 0 0
0 0 0 0 0 0 0 0 321 4048 9188 15934 16320 16256 13685 4112
964 0 0 0 0 0 0 0 0 0 0 0 0 0 0 0
0 0 0 0 1285 8224 12079 16191 16127 15677 10923 3341 900 0 0 0
0 0 0 0 0 0 0 0 0 0 0 0 0 0 64 514
6104 14842 16063 16127 12015 8417 2185 129 0 0 0 0 0 0 0 0
0 0 0 0 0 0 0 0 0 0 1414 5076 14007 16191 16127 14007
5076 1478 0 0 0 0 0 0 0 0 0 0 0 0 0 0
0 0 0 0 0 64 3020 8160 15677 15998 15035 10216 2120 450 0 0
0 0 0 0 0 0 0 0 0 0 0 0 0 0 0 0
0 2120 10473 14199 16191 13300 8417 1478 64 0 0 0 0 0 0 0
0 0 0 0 0 0 0 0 0 0 0 0 514 8096 15677 16191
14199 5847 2120 0 0 0 193 0 0 0 0 0 0 0 0 0
0 0 0 0 0 0 0 129 1349 10923 16127 16127 11244 2313 514 0
257 578 1735 450 64 0 0 0 0 0 0 0 0 0 0 0
0 0 0 578 3213 14135 16127 14906 5333 193 193 2185 7389 8931 12079 5012
1414 0 0 0 0 0 0 0 0 0 0 0 0 0 0 1799
6554 15484 14970 11051 1414 1221 4176 11180 15613 16063 16127 11308 6425 1285 321 0
0 0 0 0 0 0 0 0 0 0 0 2506 7003 15356 13942 8288
321 2442 8096 15934 16320 16320 16320 15870 14778 7003 2056 0 0 0 0 0
0 0 0 0 0 0 129 5012 10280 15934 13942 8160 386 3341 9059 16063
16320 16320 16320 16320 15870 8031 2377 0 0 0 0 0 0 0 0 0
0 0 257 8031 13814 16320 13942 8160 1671 10216 14135 16320 16384 16384 16320 16256
15613 7260 2056 0 0 0 0 0 0 0 0 0 0 0 578 8995
14264 16256 13107 7774 6361 14906 16127 16320 16320 16320 16256 14071 10473 2120 450 0
0 0 0 0 0 0 0 0 0 129 1349 11051 14970 16191 11244 6682
10409 15870 16320 16320 16320 16320 15741 10473 5847 514 64 0 0 0 0 0
0 0 0 0 0 257 2313 13685 15998 16127 10473 8610 14970 16320 16320 16320
16256 15741 10473 2249 578 0 0 0 0 0 0 0 0 0 0 0
0 129 1285 10216 14135 16256 15484 15420 16256 16320 16320 16256 14071 10473 2249 64
0 0 0 0 0 0 0 0 0 0 0 0 0 0 450 6104
11244 16127 16256 16256 16320 16320 16320 15677 10473 5847 578 0 0 0 0 0
0 0 0 0 0 0 0 0 0 0 0 1414 5012 13236 15741 15998
16063 15613 14135 8160 2120 514 0 0 0 0 0 0 0 0 0 0
0 0 0 0 0 0 0 64 450 2956 7325 8031 8160 7260 4947 643
0 0 0 0 0 0 0 0 0 0 0 0 0 0 0 0
0 0 0 0 0 514 2056 2377 2377 2056 1285 64 0 0 0 0
0 0 0 0 0 0 0 0 0 0 0 0 0 0 0 0
0 0 0 0 0 0 0 0 0 0 0 0 0 0 0 0
0 0 0 0 0 0 0 0 0 0 0 0 0 0 0 0
0 0 0 0 0 0 0 0 0 0 0 0 0 0 0 0
16437 11566 405 -4905 -5647 20462 -18481 -4717 2119 3878 8796 9916 -6333 9311 -352 -16803
-20149 -17730 2633 9072 10060 9103 -3418 1278 2911 1079 -6796 3397 -10516 -14879 16696 1490
-16309 8885 7579 5810 -4478 -5705 -7705 8243 11494 12259 -12111 11306 -11576 -17226 -2333 13156
-2030 -4254 10137 138 3750 4548
-85067728 110195760 -2690673 -15969627 -2056990 998119
0 0 0 0 0 0 0 0 0 0 0 0 0 0 0 0
0 0 0 0 0 0 0 0 0 0 0 0 0 0 0 0
0 0 0 0 0 0 0 0 0 0 0 0 0 0 0 0
0 0 0 0 0 0 0 0 0 0 0 0 0 0 0 0
0 0 0 0 0 0 0 0 0 0 0 0 0 0 0 0
0 0 0 0 0 0 0 0 0 0 0 501 0 0 0 0
0 0 0 0 0 0 0 0 0 0 0 0 0 0 0 0
0 0 0 119 875 1030 804 1617 1838 0 0 0 0 0 0 0
0 0 0 0 0 0 0 0 0 0 0 0 0 1136 250 16
1353 2832 2678 1622 1416 0 0 0 0 0 0 0 0 0 0 0
0 0 0 0 0 0 255 1133 0 263 456 1824 3101 3388 1862 0
0 0 0 0 0 0 0 0 0 0 0 0 0 0 0 208
1745 556 457 1868 0 876 2077 962 0 0 0 0 0 0 0 0
0 0 0 0 0 0 0 0 0 373 553 841 2064 2084 1429 1892
20 0 0 0 0 0 0 0 0 0 0 0 0 0 0 0
0 0 1598 0 0 0 1464 2370 2954 1525 0 0 0 0 0 0
0 0 0 0 0 0 0 0 0 0 0 1418 2654 549 454 0
937 2223 779 0 0 0 0 0 0 0 0 0 0 0 0 0
0 0 0 0 0 2190 2948 1763 1045 0 916 328 0 0 0 0
0 0 0 0 0 0 0 0 0 0 0 0 0 0 0 2655
2166 1507 0 52 1226 0 0 0 0 0 0 0 0 0 0 0
0 0 0 0 0 0 0 0 761 2922 2322 1121 0 534 1163 1081
0 0 0 0 0 0 0 0 0 0 0 0 0 0 0 0
0 0 966 2771 2082 300 0 0 1535 2834 1752 1681 2771 2725 1544 0
0 0 0 0 0 0 0 0 0 0 0 512 1752 1644 846 0
0 0 1026 1456 2048 2915 2972 2972 2747 0 0 0 0 0 0 0
0 0 0 0 0 1490 2935 2138 1323 58 0 1104 507 0 1366 2945
2983 2902 2768 697 0 0 0 0 0 0 0 0 0 0 0 1779
3213 2758 1734 228 669 2510 736 1328 2462 3007 2984 2166 1598 928 1402 539
0 0 0 0 0 0 0 0 0 2388 3023 2025 891 23 2144 2447
1108 2640 2944 2981 2684 1323 1976 2290 1081 0 0 0 0 0 0 0
0 0 0 3296 4085 3476 1411 167 963 483 1552 2880 2907 2810 1820 1146
3098 2128 216 0 0 0 0 0 0 0 0 0 0 2493 5030 6141
4195 1720 302 914 2661 2954 2155 1617 1013 1864 1392 0 0 0 0 0
0 0 0 0 0 0 0 937 3926 7137 6199 3727 2814 2849 3032 2887
1944 2640 2351 1094 0 0 0 0 0 0 0 0 0 0 0 0
0 0 1415 5957 7765 7263 5828 5436 4978 3551 3086 3704 2161 232 0 0
0 0 0 0 0 0 0 0 0 0 0 0 0 919 4420 6338
6206 5833 5105 3724 2908 1060 0 0 0 0 0 0 0 0 0 0
0 0 0 0 0 0 0 0 0 1312 2390 2460 2107 1155 0 0
0 0 0 0 0 0 0 0 0 0 0 0 0 0 0 0
0 0 0 0 0 0 0 0 0 0 0 0 0 0 0 0
0 0 0 0 1681 1681 1681 1681 1681 1681 1681 1681 1681 1681 1681 1681
1681 1560 987 308 96 676 1332 1665 1681 1681 1681 1681 1681 1681 1681 1681
1681 1681 1681 1681 1681 1681 1681 1681 1681 1681 1629 1029 0 0 0 0
160 1560 1681 1681 1681 1681 1681 1681 1681 1681 1681 1681 1681 1681 1681 1681
1681 1681 1681 1351 175 0 0 0 0 0 0 1003 1616 1681 1681 1681
1681 1681 1681 1681 1681 1681 1681 1681 1681 1681 1681 1681 1595 481 0 0
0 0 0 0 0 183 1409 1681 1681 1681 1681 1681 1681 1681 1681 1681
1681 1681 1681 1681 1681 1681 1332 0 0 0 0 0 0 0 0 452
1373 1681 1681 1681 1681 1681 1681 1681 1681 1681 1681 1681 1681 1681 1664 1523
0 0 0 0 0 0 1250 2257 2003 1826 1652 1681 1681 1681 1681 1681
1681 1681 1681 1681 1681 1681 1681 1681 1299 0 0 0 0 0 0 1728
4660 3698 2720 1987 1735 1681 1681 1681 1681 1681 1681 1681 1681 1681 1681 1681
1681 1664 847 0 0 0 0 0 0 1489 2890 2234 1828 1689 1681 1681
1681 1681 1681 1681 1681 1681 1681 1681 1681 1681 1681 1108 0 0 0 0
0 1061 2641 2328 2023 1725 1681 1681 1681 1681 1681 1681 1681 1681 1681 1681
1681 1681 1681 1681 1542 0 0 0 0 0 1299 3944 3116 2505 1809 1649
1632 1681 1681 1681 1681 1681 1681 1681 1681 1681 1681 1681 1681 1647 1274 0
0 0 0 0 1412 2807 1981 1542 971 906 1062 1546 1665 1681 1681 1681
1681 1681 1681 1681 1681 1681 1681 1524 723 0 0 0 0 0 1388 1462
0 0 0 0 0 0 1313 1681 1681 1681 1681 1681 1681 1681 1681 1681
1681 1211 0 0 0 0 0 213 378 0 0 0 0 0 0 0
0 1253 1599 1681 1681 1681 1681 1681 1681 1681 1681 1081 0 0 0 0
0 0 0 0 0 0 0 0 0 0 0 0 1123 1681 1681 1681
1681 1681 1681 1681 1647 545 0 0 0 0 0 0 0 0 0 0
0 0 0 0 0 0 892 1681 1681 1681 1681 1681 1681 1681 1611 0
0 0 0 0 0 0 0 0 0 0 0 0 0 0 0 0
1046 1681 1681 1681 1681 1681 1681 1681 1543 0 0 0 0 0 0 0
0 0 0 0 0 0 0 0 111 1384 1508 1681 1681 1681 1681 1681
1681 1647 1313 0 0 0 0 0 0 0 0 0 0 0 0 0
0 1332 1503 2095 1743 1681 1681 1681 1681 1681 1681 1611 1075 0 0 0
0 0 0 0 0 0 0 0 0 0 2519 3302 2013 1827 1702 1681
1681 1681 1681 1681 1681 1665 1540 581 0 0 0 0 0 0 0 0
0 0 392 2905 3611 3012 2050 1720 1685 1681 1681 1681 1681 1681 1681 1720
1956 2403 2293 0 0 0 0 0 0 0 0 0 1818 1989 2334 1886
1716 1681 1681 1681 1681 1681 1681 1681 1681 1701 1891 3056 4240 2079 0 0
0 0 0 0 846 3175 3374 1998 1767 1685 1681 1681 1681 1681 1681 1681
1681 1681 1681 1681 1750 2641 4261 5542 5277 2966 1405 1423 2234 4109 4652 4244
3042 2055 1716 1681 1681 1681 1681 1681 1681 1681 1681 1681 1681 1681 1681 1895
2636 4343 5759 6303 5679 5594 5493 4795 3198 2448 1876 1712 1681 1681 1681 1681
1681 1681 1681 1681 1681 1681 1681 1681 1681 1691 1758 2190 3275 4284 4554 4447
3943 2856 1945 1713 1681 1681 1681 1681 1681 1681 1681 1681 1681 1681 1681 1681
1681 1681 1681 1681 1681 1759 2062 2347 2482 2452 2292 1985 1766 1685 1681 1681
1681 1681 1681 1681 1681 1681 1681 1681 0 0 0 0 0 0 0 0
0 0 0 0 0 0 0 0 0 76 17 0 0 0 0 0
0 0 0 0 0 0 0 0 0 0 0 0 0 0 0 0
0 0 90 603 361 0 0 0 0 0 0 0 0 0 0 0
0 0 0 0 0 0 0 0 0 0 0 0 858 1792 1269 125
0 0 0 0 0 0 0 0 0 0 0 0 0 0 0 0
0 0 0 0 663 2615 3277 3133 2489 466 37 0 0 0 0 0
0 0 0 0 0 0 0 0 0 0 0 0 0 1581 3965 6053
6312 4885 2974 766 143 0 0 0 0 0 0 0 0 0 0 0
0 0 0 0 0 0 777 3919 5920 7108 7047 5207 2686 680 123 0
0 0 0 0 0 0 0 0 0 0 0 0 0 0 0 219
2607 5517 7206 7578 5976 3737 1295 236 0 0 0 0 0 0 0 0
0 0 0 0 0 0 0 0 0 2355 5541 6834 6906 5714 2672 845
65 0 0 0 0 0 0 0 0 0 0 0 0 0 0 0
0 0 2188 4733 6940 7205 5313 2835 641 81 0 0 0 0 0 0
0 0 0 0 0 0 0 0 0 0 0 596 4137 6646 7338 5983
3490 934 95 0 0 0 0 0 0 0 0 0 0 0 0 0
0 0 0 0 382 3374 6256 7096 5935 2698 802 0 0 0 64 0
0 0 0 0 0 0 0 0 0 0 0 0 0 46 2142 5278
7037 5901 3335 567 0 0 0 60 658 264 31 0 0 0 0 0
0 0 0 0 0 0 0 598 3018 6307 6832 4702 1194 0 0 0
397 806 1781 1083 431 21 0 0 0 0 0 0 0 0 0 0
0 1441 4033 6685 5742 2931 0 0 634 2776 4293 3718 2584 1839 1406 466
95 0 0 0 0 0 0 0 0 0 242 2337 4381 6008 4531 1991
34 1162 3657 6005 6321 5599 4234 3223 2762 1316 363 0 0 0 0 0
0 0 0 0 49 2749 4811 5532 3814 1220 385 2923 4931 6357 6418 6355
6179 5539 4269 1873 463 0 0 0 0 0 0 0 0 0 817 3691
5599 5612 3302 1003 658 4048 5776 6402 6426 6654 6901 6207 4357 1613 360 0
0 0 0 0 0 0 0 255 1780 4580 6068 5735 2974 1948 3062 5660
6309 6433 6484 6963 7255 5846 3521 830 107 0 0 0 0 0 0 0
0 213 1989 5059 6139 5408 3009 3071 4931 6268 6413 6473 6987 7313 6364 3569
1555 174 0 0 0 0 0 0 0 0 84 997 2520 5342 5403 4431
3487 4098 5924 6403 6645 6973 7496 6581 4388 1553 355 0 0 0 0 0
0 0 0 1 321 1915 3278 4982 4938 4428 4830 5793 6351 6480 6960 7272
6352 3994 1114 138 0 0 0 0 0 0 0 0 0 0 183 1659
3061 4170 5000 6020 6236 6415 6615 7171 7221 6257 3583 1506 138 0 0 0
0 0 0 0 0 0 0 0 28 979 2526 4133 4760 6101 6644 6803
7040 7208 6202 3998 1545 345 0 0 0 0 0 0 0 0 0 0
0 0 0 177 929 2731 4255 5121 5913 5985 5793 4664 2694 751 115 0
0 0 0 0 0 0 0 0 0 0 0 0 0 0 37 488
1524 2335 2825 2772 2299 1254 422 0 0 0 0 0 0 0 0 0
0 0 0 0 0 0 0 0 0 38 346 629 735 699 536 229
19 0 0 0 0 0 0 0 0 0 0 0 0 0 0 0
0 0 0 0 0 0 0 0 0 0 0 260 416 224 0 0
0 0 0 0 0 0 0 0 0 0 0 0 0 0 0 0
0 0 0 0 177 1184 2357 2051 808 0 0 0 0 0 0 0
0 0 0 0 0 0 0 0 0 0 0 0 220 754 753 2398
5110 5541 3118 200 0 0 0 0 0 0 0 0 0 0 0 0
0 0 0 0 0 0 27 0 0 1623 4147 7235 5649 1011 0 0
0 0 0 0 0 0 0 0 0 0 0 0 0 0 0 0
0 0 0 48 1152 5118 5307 1455 137 0 0 0 0 0 0 0
0 0 0 0 0 0 0 0 0 0 0 0 0 0 0 2286
2533 704 36 0 0 0 0 0 0 0 0 0 0 0 0 0
0 243 0 0 0 3 0 0 0 420 142 0 0 0 0 0
0 0 0 0 0 0 0 0 0 0 0 0 0 0 0 106
1845 1739 199 250 0 0 0 0 0 0 0 0 0 0 0 0
0 0 0 0 0 0 0 0 0 0 2045 2079 341 0 0 0
0 0 0 0 0 0 0 0 0 0 0 0 0 0 0 0
0 0 0 103 864 222 0 0 0 0 0 0 0 0 0 0
0 0 0 0 0 0 0 0 0 0 222 1559 1611 670 573 0
0 80 98 0 0 0 0 0 0 0 0 0 0 0 0 0
0 0 0 0 807 3433 2624 562 867 1561 2465 2852 2545 715 0 0
0 0 0 0 0 0 0 0 0 0 0 0 0 0 2005 3904
1869 943 1228 2831 3767 5754 6663 3468 1168 0 0 0 0 0 0 0
0 0 0 0 0 0 0 481 3580 3550 350 0 0 1357 1840 4295
7382 6978 4411 1278 117 0 0 0 0 0 0 0 0 0 0 0
0 2310 4966 2783 0 0 0 65 341 1560 3667 6416 6514 2966 619 0
0 0 0 0 0 0 0 0 0 0 0 3327 5700 3041 0 0
0 220 309 398 757 3791 5705 3111 747 0 0 0 0 0 0 0
0 0 0 0 0 3345 5643 2044 0 0 0 265 305 118 0 2229
4087 2027 464 0 0 0 0 0 0 0 0 0 0 0 329 3105
3943 0 0 0 116 268 250 283 168 1882 2396 430 0 0 0 0
0 0 0 0 0 0 0 0 1258 3609 1913 0 0 136 277 234
0 253 488 1369 1421 0 0 0 0 0 0 0 0 0 0 0
0 0 2387 4840 1366 0 0 263 102 0 0 1073 452 0 110 0
0 0 0 0 0 0 0 0 0 0 0 0 568 3121 1299 0
206 251 273 130 1106 1944 460 0 0 0 0 0 0 0 0 0
0 0 0 0 0 0 0 79 252 104 0 0 0 137 1299 1496
10 0 0 0 0 0 0 0 0 0 0 0 0 0 0 0
0 0 0 0 0 0 0 0 0 98 0 0 0 0 0 0
0 0 0 0 0 0 0 0 0 0 0 0 0 0 0 0
155 0 0 0 0 0 0 0 0 0 0 0 0 0 0 0
0 0 0 0 0 0 0 0 0 0 238 0 0 0 0 0
0 0 0 0 0 0 0 0 0 0 0 0 0 0 0 0
0 0 0 0 0 0 0 0 0 0 0 0 0 0 0 0
0 0 0 0 0 0 0 0 0 0 0 0 0 0 0 0
0 0 0 0 0 0 0 0 0 0 0 0 0 0 0 0
0 0 0 0 0 0 0 0 0 260 32 0 0 0 0 0
0 0 0 0 0 0 0 0 0 0 0 0 0 0 0 0
0 0 0 338 283 554 0 0 0 0 0 0 0 0 0 0
0 0 0 0 0 0 0 0 0 0 0 695 2486 2375 2755 2260
0 0 0 0 0 0 0 0 0 0 0 0 0 0 0 0
0 0 0 0 888 1013 1590 900 1247 1104 0 21 0 0 0 0
0 0 0 0 0 0 0 0 0 0 0 0 0 0 973 380
1102 951 1496 494 309 158 16 0 0 0 0 0 0 0 0 0
0 0 0 0 0 0 0 1420 1476 1468 1474 0 0 0 0 0
0 0 0 0 0 0 0 0 0 0 0 0 0 0 0 168
971 2152 1196 978 99 0 0 0 0 0 0 0 0 0 0 0
0 0 0 0 0 0 0 0 0 220 181 1087 1112 1105 0 0
0 0 0 0 0 0 0 0 0 0 0 0 0 0 0 0
0 0 471 1850 1433 1704 0 0 0 0 0 0 0 0 0 0
0 0 0 0 0 0 0 0 0 0 0 0 1756 1954 1397 197
0 0 0 0 0 115 0 0 0 0 0 0 0 0 0 0
0 0 0 0 0 0 1484 903 1428 0 0 0 0 0 0 0
0 0 0 0 0 0 0 0 0 0 0 0 0 0 0 0
1745 1086 671 0 0 0 92 910 1489 1721 302 0 0 0 0 0
0 0 0 0 0 0 0 0 277 292 1855 590 0 0 0 790
2673 2263 1981 1678 866 672 0 0 0 0 0 0 0 0 0 0
0 0 0 0 981 254 0 0 163 1023 1954 841 492 938 1724 2687
884 20 0 0 0 0 0 0 0 0 0 0 643 813 1010 655
50 0 68 0 428 392 398 451 649 1520 0 0 0 0 0 0
0 0 0 0 0 0 1265 1271 1301 615 0 0 1780 1025 690 439
429 781 965 1501 0 173 0 0 0 0 0 0 0 0 0 0
959 653 1102 245 0 704 1666 877 516 386 479 903 0 0 0 0
0 0 0 0 0 0 0 0 0 0 1485 628 840 0 0 875
652 455 423 490 1243 1057 0 0 0 0 0 0 0 0 0 0
0 0 72 0 1866 1230 471 0 0 573 684 441 773 936 1156 0
0 0 0 0 0 0 0 0 0 0 0 0 0 0 320 513
1599 1540 1354 930 483 500 896 0 0 0 0 0 0 0 0 0
0 0 0 0 0 0 0 0 0 151 1628 1061 619 598 715 1481
966 71 0 0 0 0 0 0 0 0 0 0 0 0 0 0
0 0 0 0 914 2257 1905 1910 1787 957 0 0 0 0 0 0
0 0 0 0 0 0 0 0 0 0 0 0 0 0 0 0
0 0 0 0 0 0 0 0 0 0 0 0 0 0 0 0
0 0 0 0 0 0 0 0 0 0 0 0 0 0 0 0
0 0 0 0 0 0 0 0 0 0 0 0 0 0 0 0
0 0 0 0 0 0 0 0 0 0 0 0 0 0 0 0
0 0 0 0 15 15 15 15 15 15 15 15 15 15 15 15
15 46 184 294 241 98 22 15 15 15 15 15 15 15 15 15
15 15 15 15 15 15 15 15 15 15 29 248 933 1199 815 201
7 14 15 15 15 15 15 15 15 15 15 15 15 15 15 15
15 15 15 100 405 1448 3119 3004 1519 0 0 4 16 15 15 15
15 15 15 15 15 15 15 15 15 15 15 15 38 503 1491 3507
4968 3982 1220 0 0 0 9 15 15 15 15 15 15 15 15 15
15 15 15 15 15 15 154 1510 3270 5365 4930 2726 195 0 0 0
0 15 15 15 15 15 15 15 15 15 15 15 15 15 20 55
732 3385 4903 5358 3169 691 0 0 0 0 0 15 15 15 15 15
15 15 15 15 15 15 15 15 123 524 2447 5440 5217 3595 1003 0
0 0 0 0 0 15 15 15 15 15 15 15 15 15 15 15
15 20 460 1549 4560 6105 4108 1001 0 0 0 0 0 0 15 15
15 15 15 15 15 15 15 15 15 15 15 172 1610 3637 6034 4516
1175 0 0 0 0 0 15 15 15 15 15 15 15 15 15 15
15 15 15 15 51 947 3654 5017 5281 2343 0 0 0 0 0 0
16 15 15 15 15 15 15 15 15 15 15 15 15 24 196 2495
5673 5237 2404 0 0 0 0 0 182 134 43 20 15 15 15 15
15 15 15 15 15 15 15 75 575 4386 6417 3676 0 0 0 0
120 1135 1642 1005 302 89 16 15 15 15 15 15 15 15 15 15
15 255 1299 5539 5925 2285 0 0 0 726 2659 2988 3406 1348 202 128
64 36 16 15 15 15 15 15 15 15 15 583 2166 5972 4873 381
0 0 0 3391 4991 4196 3249 518 0 0 0 87 10 15 15 15
15 15 15 15 24 1119 3188 5965 3590 0 0 0 2343 5294 4964 2817
1637 480 0 0 0 0 0 15 15 15 15 15 15 15 53 1857
4011 5772 3161 0 0 0 4211 6040 3898 1599 1485 1386 1065 0 0 0
0 15 15 15 15 15 15 15 121 2900 4980 4873 2084 0 0 1161
5070 5416 3476 1554 1470 1309 751 0 0 0 0 15 15 15 15 15
15 24 257 3816 5713 4002 871 0 0 3225 5442 3219 2074 1492 1412 669
0 0 0 0 0 15 15 15 15 15 15 53 507 4501 5861 3660
226 0 0 4317 4320 1873 1527 1437 940 0 0 0 0 0 0 15
15 15 15 15 15 90 719 4893 5355 2818 0 0 2387 4455 3092 1595
1311 861 0 0 0 0 0 0 0 15 15 15 15 15 15 87
692 4555 4746 2142 315 101 3092 3587 1838 1426 682 0 0 0 0 0
0 15 15 15 15 15 15 15 15 41 338 2999 3909 2874 1809 1285
1689 1657 1305 676 0 0 0 0 0 0 15 15 15 15 15 15
15 15 15 15 106 1448 2655 3157 1848 486 440 302 0 0 0 0
0 0 0 15 15 15 15 15 15 15 15 15 15 15 15 309
1036 2584 2486 146 0 0 0 0 0 0 0 0 15 15 15 15
15 15 15 15 15 15 15 15 15 28 103 655 1547 808 0 0
0 0 0 0 15 15 15 15 15 15 15 15 15 15 15 15
15 15 15 15 15 118 410 284 0 0 0 0 0 0 15 15
15 15 15 15 15 15 15 15
0 0 0 0 0 0 0 0 0 0 0 0 0 0 0 0
0 0 0 501 0 0 0 0 0 0 0 0 0 0 0 1136
1030 2832 2678 1416 0 0 0 0 0 0 0 208 1745 1868 1824 3388
1862 0 0 0 0 0 0 0 1598 841 2370 2954 20 0 0 0
0 0 0 0 2190 2948 1045 2223 779 0 0 0 0 0 0 0
0 2922 2322 534 1226 0 0 0 0 0 0 0 0 512 2771 2082
0 2834 2915 2972 2747 0 0 0 0 0 1779 3213 1734 2510 1328 3007
2984 2768 1402 0 0 0 0 3296 4085 1411 2447 2880 2981 2684 3098 1081
0 0 0 0 2493 7137 6199 2849 3032 2640 2351 1392 0 0 0 0
0 0 5957 7765 6206 5105 3704 2161 0 0 0 0 0 0 0 0
1312 2460 2107 0 0 0 0 0 0 1681 1681 1681 1681 1681 1681 1681
987 676 1665 1681 1681 1681 1681 1681 1681 1681 1681 1681 175 0 0 1003
1681 1681 1681 1681 1681 1681 1681 1681 1332 0 0 2257 2003 1681 1681 1681
1681 1681 1681 1681 1299 0 0 1728 4660 2720 1735 1681 1681 1681 1681 1681
1681 0 0 3944 3116 2023 1681 1681 1681 1681 1681 1681 1681 1274 0 0
2807 1981 971 1546 1681 1681 1681 1681 1681 1681 0 0 213 378 0 0
0 1253 1681 1681 1681 1681 1647 0 0 0 0 0 0 0 0 1681
1681 1681 1681 1543 0 0 0 0 0 0 1332 2095 1743 1681 1681 1681
1540 0 0 0 0 0 2905 3611 2050 1702 1681 1681 1720 3056 4240 0
0 0 3175 3374 2334 1716 1681 1681 1681 1681 2641 5542 6303 5679 5493 4652
3042 1716 1681 1681 1681 1681 1681 1691 2190 4284 4554 3943 1945 1681 1681 1681
1681 1681 0 0 0 0 0 0 0 0 603 361 0 0 0 0
0 0 0 0 0 0 2615 3277 2489 37 0 0 0 0 0 0
0 0 3919 7108 7047 2974 143 0 0 0 0 0 0 0 2355 6834
7578 5976 1295 0 0 0 0 0 0 0 596 6646 7338 5313 641 0
0 0 0 0 0 0 46 5278 7096 5935 802 60 658 31 0 0
0 0 0 1441 6685 6832 1194 2776 4293 2584 1406 95 0 0 0 0
2749 6008 4531 2923 6357 6418 6179 4269 463 0 0 0 255 4580 6068 3302
5660 6433 6963 7255 4357 360 0 0 0 997 5342 6139 4098 6403 6973 7496
6364 1555 0 0 0 1 1915 4982 6020 6415 7171 7272 6352 1114 0 0
0 0 0 979 4133 6101 6803 7208 6202 1545 0 0 0 0 0 0
0 488 2335 2825 2299 422 0 0 0 0 0 0 0 0 0 0
0 0 1184 2357 808 0 0 0 0 0 0 0 0 0 754 2398
7235 5649 0 0 0 0 0 0 0 0 0 0 48 5118 5307 137
0 0 0 0 0 0 243 0 106 1845 420 142 0 0 0 0
0 0 0 0 0 103 2079 341 0 0 0 0 0 0 0 0
0 3433 2624 1561 2852 2545 0 0 0 0 0 0 0 481 3904 1869
2831 5754 7382 4411 117 0 0 0 0 0 3327 5700 0 220 1560 6416
6514 747 0 0 0 0 0 3345 5643 0 268 305 2229 4087 464 0
0 0 0 0 4840 1913 263 277 1073 1369 1421 0 0 0 0 0
0 3121 1299 251 273 1944 460 0 0 0 0 0 0 0 0 0
0 155 98 0 0 0 0 0 0 0 0 0 0 0 238 0
0 0 0 0 0 0 0 0 0 0 0 260 32 0 0 0
0 0 0 0 0 0 0 695 2486 2755 0 0 0 0 0 0
0 0 0 0 1013 1590 1496 309 16 0 0 0 0 0 0 168
2152 1476 1474 0 0 0 0 0 0 0 0 0 1850 1704 1112 0
0 0 0 0 0 0 0 0 0 1954 1428 0 0 115 0 0
0 0 0 0 0 292 1855 671 790 2673 1981 866 0 0 0 0
0 0 813 1010 50 1023 1954 938 2687 884 0 0 0 0 0 1271
1301 704 1780 690 903 1501 173 0 0 0 0 72 1866 840 875 684
936 1243 0 0 0 0 0 0 0 513 1628 1354 1481 966 0 0
0 0 0 0 0 0 0 2257 1910 1787 0 0 0 0 0 0
0 0 0 0 0 0 0 0 0 0 0 0 0 15 15 15
15 15 15 248 1199 815 22 15 15 15 15 15 15 15 15 503
3507 4968 1519 4 16 15 15 15 15 15 15 55 3385 5365 4930 195
0 15 15 15 15 15 15 20 1549 6105 5217 1003 0 0 15 15
15 15 15 15 947 5017 6034 1175 0 0 16 15 15 15 15 15
75 4386 6417 2404 0 1135 1642 302 16 15 15 15 15 583 5972 5925
0 3391 4991 3406 202 87 16 15 15 15 1857 5965 3590 0 6040 4964
1637 1065 0 15 15 15 24 3816 5713 2084 3225 5442 3476 1470 751 0
15 15 15 90 4893 5861 226 4455 4320 1527 940 0 0 15 15 15
87 4555 4746 1809 3587 1838 682 0 0 15 15 15 15 15 1448 3157
2486 440 0 0 0 15 15 15 15 15 15 28 655 1547 0 0
0 15 15 15 15 15
6 13 13 16 1 16
0 0 0 0 0 0 0 0 0 0 0 0 0 0 0 0
0 0 0 501 0 0 0 0 0 0 0 0 0 0 0 1136
1030 2832 2678 1416 0 0 0 0 0 0 0 208 1745 1868 1824 3388
1862 0 0 0 0 0 0 0 1598 841 2370 2954 20 0 0 0
0 0 0 0 2190 2948 1045 2223 779 0 0 0 0 0 0 0
0 2922 2322 534 1226 0 0 0 0 0 0 0 0 512 2771 2082
0 2834 2915 2972 2747 0 0 0 0 0 1779 3213 1734 2510 1328 3007
2984 2768 1402 0 0 0 0 3296 4085 1411 2447 2880 2981 2684 3098 1081
0 0 0 0 2493 7137 6199 2849 3032 2640 2351 1392 0 0 0 0
0 0 5957 7765 6206 5105 3704 2161 0 0 0 0 0 0 0 0
1312 2460 2107 0 0 0 0 0 0 1681 1681 1681 1681 1681 1681 1681
987 676 1665 1681 1681 1681 1681 1681 1681 1681 1681 1681 175 0 0 1003
1681 1681 1681 1681 1681 1681 1681 1681 1332 0 0 2257 2003 1681 1681 1681
1681 1681 1681 1681 1299 0 0 1728 4660 2720 1735 1681 1681 1681 1681 1681
1681 0 0 3944 3116 2023 1681 1681 1681 1681 1681 1681 1681 1274 0 0
2807 1981 971 1546 1681 1681 1681 1681 1681 1681 0 0 213 378 0 0
0 1253 1681 1681 1681 1681 1647 0 0 0 0 0 0 0 0 1681
1681 1681 1681 1543 0 0 0 0 0 0 1332 2095 1743 1681 1681 1681
1540 0 0 0 0 0 2905 3611 2050 1702 1681 1681 1720 3056 4240 0
0 0 3175 3374 2334 1716 1681 1681 1681 1681 2641 5542 6303 5679 5493 4652
3042 1716 1681 1681 1681 1681 1681 1691 2190 4284 4554 3943 1945 1681 1681 1681
1681 1681 0 0 0 0 0 0 0 0 603 361 0 0 0 0
0 0 0 0 0 0 2615 3277 2489 37 0 0 0 0 0 0
0 0 3919 7108 7047 2974 143 0 0 0 0 0 0 0 2355 6834
7578 5976 1295 0 0 0 0 0 0 0 596 6646 7338 5313 641 0
0 0 0 0 0 0 46 5278 7096 5935 802 60 658 31 0 0
0 0 0 1441 6685 6832 1194 2776 4293 2584 1406 95 0 0 0 0
2749 6008 4531 2923 6357 6418 6179 4269 463 0 0 0 255 4580 6068 3302
5660 6433 6963 7255 4357 360 0 0 0 997 5342 6139 4098 6403 6973 7496
6364 1555 0 0 0 1 1915 4982 6020 6415 7171 7272 6352 1114 0 0
0 0 0 979 4133 6101 6803 7208 6202 1545 0 0 0 0 0 0
0 488 2335 2825 2299 422 0 0 0 0 0 0 0 0 0 0
0 0 1184 2357 808 0 0 0 0 0 0 0 0 0 754 2398
7235 5649 0 0 0 0 0 0 0 0 0 0 48 5118 5307 137
0 0 0 0 0 0 243 0 106 1845 420 142 0 0 0 0
0 0 0 0 0 103 2079 341 0 0 0 0 0 0 0 0
0 3433 2624 1561 2852 2545 0 0 0 0 0 0 0 481 3904 1869
2831 5754 7382 4411 117 0 0 0 0 0 3327 5700 0 220 1560 6416
6514 747 0 0 0 0 0 3345 5643 0 268 305 2229 4087 464 0
0 0 0 0 4840 1913 263 277 1073 1369 1421 0 0 0 0 0
0 3121 1299 251 273 1944 460 0 0 0 0 0 0 0 0 0
0 155 98 0 0 0 0 0 0 0 0 0 0 0 238 0
0 0 0 0 0 0 0 0 0 0 0 260 32 0 0 0
0 0 0 0 0 0 0 695 2486 2755 0 0 0 0 0 0
0 0 0 0 1013 1590 1496 309 16 0 0 0 0 0 0 168
2152 1476 1474 0 0 0 0 0 0 0 0 0 1850 1704 1112 0
0 0 0 0 0 0 0 0 0 1954 1428 0 0 115 0 0
0 0 0 0 0 292 1855 671 790 2673 1981 866 0 0 0 0
0 0 813 1010 50 1023 1954 938 2687 884 0 0 0 0 0 1271
1301 704 1780 690 903 1501 173 0 0 0 0 72 1866 840 875 684
936 1243 0 0 0 0 0 0 0 513 1628 1354 1481 966 0 0
0 0 0 0 0 0 0 2257 1910 1787 0 0 0 0 0 0
0 0 0 0 0 0 0 0 0 0 0 0 0 15 15 15
15 15 15 248 1199 815 22 15 15 15 15 15 15 15 15 503
3507 4968 1519 4 16 15 15 15 15 15 15 55 3385 5365 4930 195
0 15 15 15 15 15 15 20 1549 6105 5217 1003 0 0 15 15
15 15 15 15 947 5017 6034 1175 0 0 16 15 15 15 15 15
75 4386 6417 2404 0 1135 1642 302 16 15 15 15 15 583 5972 5925
0 3391 4991 3406 202 87 16 15 15 15 1857 5965 3590 0 6040 4964
1637 1065 0 15 15 15 24 3816 5713 2084 3225 5442 3476 1470 751 0
15 15 15 90 4893 5861 226 4455 4320 1527 940 0 0 15 15 15
87 4555 4746 1809 3587 1838 682 0 0 15 15 15 15 15 1448 3157
2486 440 0 0 0 15 15 15 15 15 15 28 655 1547 0 0
0 15 15 15 15 15
693 3860 4361 -674 980 4710 -4478 -2065 4971 1425 -76 -9202 2955 -1722 -3328 2891
134 1728 -711 -1580 2588 -6038 283 2946 -1533 -3130 -389 637 -13878 3353 -4398 -4837
987 2012 -4637 1488 -123 2521 3492 -10782 -1200 497 -3059 -1936 2813 -2740 2448 -2066
-441 4070 2468 -1258 -1778 1586 673 -1059 -506 -747 -1943 -1209 -329 -518 1643 -2545
1282 -2102 286 1451 1023 -2467 -1670 861 -1545 -1113 864 -1614 -2173 -1264 -1424 -89
-1192 -148 -2771 -1641 -1099 -41 653 542 -1145 1521 -2752 -450 -956 932 1511 1201
868 -1823 -1358 -2466 -1680 -1289 -2662 -1411 260 -1786 1593 -2012 -72 -2811 10879 6389
4896 4131 2808 631 3351 -1949 -1531 -357 -9204 -3131 -341 -8482 -1002 3003 2707 3428
2280 3977 -2041 -1147 721 315 4497 -1020 -6352 -1326 -6849 -4410 -1925 8336 5693 5400
4225 5753 1929 -1546 -3259 1707 620 4828 8016 719 -1832 2313 3417 -6611 -2627 -2020
1791 640 6692 2264 -3533 -8449 -5818 -151 -1575 2118 -844 2366 -7328 -5347 1201 -2543
3286 -2848 5370 5659 -2617 -4959 4302 1398 4769 3437 4519 4037 -9386 2449 -1368 -3590
-2470 -5914 -610 -3493 705 546 -3133 -4274 2506 -3708 5765 -6267 4433 -1403 -4851 -5655
1225 2327 1366 5339 -2245 3564 -54 -6888 -2675 1103 -12 -9815 -4462 2552 -7989 2225
3851 2924 12313 3966 -3588 -4870 2407 -8445 -2641 -911 -4682 -6236 -8426 -4801 -186 2335
7815 6533 5832 -1179 -1094 -2175 -7056 -5919 -10646 -4919 -3986 -1168 -2366 -4564 -4734 -3215
2371 3569 6335 4469 -385 -241 -1820 -3886 2673 1310 2670 7085 3891 -2334 6987 8606
-8100 2211 4168 -799 4722 5014 -87 -8004 -4359 -7427 -7920 -11447 -5462 -4192 -4027 -5289
7690 8252 2450 -716 -3692 -1005 -6689 -3536 -1607 -7087 1981 11320 -9285 -5396 9504 4523
-2593 2760 2908 4228 1896 2266 -1419 -2792 -2637 -2311 -5981 2250 2798 -7385 -5847 2102
-1943 302 -1684 990 3701 1986 -204 -6831 6051 2092 -8450 -10201 -7139 4473 -1918 -232
6617 6365 8970 361 -375 -828 -4143 2500 7090 -15889 -6815 -4591 -786 -3240 -2950 -7078
-306 -4750 3784 1909 -17015 108 9044 7823 -10288 -21 2837 -6847 -13372 -106 911 167
3933 4577 5941 1740 -11615 -3712 -7063 2271 594 -3667 -1223 -3147 -2346 -1303 429 -1286
-551 -1261 1532 -485 -406 -2271 1460 -3036 1818 -30 3015 26 6910 -876 -1222 4915
-7545 2466 -6550 -4478 5906 4812 4622 -12688 3536 -8273 -3469 -2547 -10396 -3800 5807 -4650
-868 1028 -5869 7167 -10602 2972 3282 5699 -5905 4194 -3181 233 5955 -4633 6858 4324
3466 -3513 -6294 3443 8427 4679 -2606 4114 10467 -4446 1138 -3150 -483 595 -5278 -1378
-593 -3080 1635 1925 -4683 -476 -1315 -3658 -607 761 949 5200 8007 1665 -8411 1423
7172 -3275 -7893 -1763 -4131 5758 191 -1185 4902 -1302 -1084 -1000 2111 -5480 -7434 -8101
372 936 -5616 565 4938 1974 5633 1497 2608 3856 2233 3603 436 -440 -3018 -4770
-5090 -2154 -3496 -4894 -6016 4938 1759 -4018 1083 3089 5544 2318 5658 410 -436 4106
1110 -4150 -2208 -1615 -4185 -14424 -13313 -15636 -18306 -12499 2641 -476 -515 -1349 550 288
5884 4504 1796 1450 375 2043 -1045 -1228 -546 340 -390 -2287 117 -5362 5054 3778
-1409 -4345 878 3238 3267 -4070 -5019 -8238 -4493 -5989 -6245 -493 172 3893 1986 3703
612 -1835 -2424 -191 -3644 -5903 -385 -660 1645 -8004 322 11783 -1169 1605 5960 1489
-933 1958 4037 -893 2454 74 -6555 2458 4463 6215 57 5563 2441 -5045 6978 1715
-1712 5566 -1198 1286 4899 -6054 -4038 1066 1288 1584 -1698 4430 1203 1446 -21 3719
3670 2082 -1710 -1804 -1037 -6554 -6485 1235 -2663 -1609 5706 2617 4034 -2107 -1015 -1682
751 2984 8498 3256 1956 7191 -664 -7528 -8575 -37 4039 2619 3572 2589 7057 135
-599 2323 -3703 -3204 -4790 -520 -883 2938 4054 2769 585 748 4580 899 -7765 -2396
1258 -1060 -6278 -4309 -71 2623 494 -908 6476 7271 910 2936 3297 -4424 5558 3270
-8852 -8769 -1328 4117 3377 -347 -5010 -5762 -2832 8208 5148 4124 -647 4044 3176 -4852
3057 -184 -2785 39 -1709 402 714 2570 -2597 -2044 2801 -8535 -7598 -3664 -9598 -6486
-5145 2174 690 4974 7439 5216 4247 -6967 -761 -247 -1499 6220 8853 559 1745 -4959
-1661 -5019 -4060 1450 2695 5449 2490 444 -2485 -201 3499 2836 1247 -3705 -4877 -2041
-2720 -8859 -2215 -520 -736 3039 6629 2590 893 -610 2464 3452 -850 1899 -1397 1538
-312 -5047 -3070 -2142 -1106 -257 1478 -1397 -2542 -1764 -435 399 1191 -1164 -1672 -13
1644 -1212 65 1256 -1285 5 -2782 233 -1842 1505 1514 -1756 -2639 -898 1245 -2603
-1390 -2003 -2468 345 -2944 -822 -1463 -2015 -554 -669 187 -384 -667 12 913 539
-2151 -1212 -43 550 261 -1843 -492 596 -2499 -773 -251 -947 2385 -1000 1022 2467
1799 760 2285 -2589 -2592 -99 -3711 -4039 -3580 -4810 4000 1819 3200 8796 5166 4389
3865 -1446 2156 -3876 -11528 -222 -2185 -169 -260 -3534 2768 1157 625 5330 142 4469
-4089 -234 -3574 -6650 -4327 -4563 -12538 4413 4116 -259 -1282 2862 -6139 -1587 -6987 -12992
2326984 -21463200 -67495440 -2657544 -1996982 -44220552 7831334 -23866356 -35337224 13340323 -35289216 -28398768 -9615572 -35450328 -19304134 -21408990
0 0 0 79 241 443 0 0 0 0 0 0 0 0 359 699
673 0 0 0 0 0 0 0 247 481 853 143 0 0 0 0
0 0 197 626 678 9 0 0 0 0 0 0 0 532 1330 687
0 0 0 0 0 0 0 5 856 1790 282 0 0 0 0 0
0 0 214 1193 1485 0 0 0 0 0 0 0 0 533 1568 1120
0 0 341 0 0 0 0 0 731 2299 1428 0 0 71 0 0
0 0 0 458 2492 2446 0 0 0 0 0 0 0 0 0 990
2322 655 137 0 0 0 0 0 0 0 0 0 0 0 0 0
0 0 0 0 0 0 0 0 0 0 0 0 0 0 0 0
0 0 0 0 0 0 0 0 0 0 0 0 0 0 0 0
0 0 0 0 0 0 0 0 0 0 0 0 0 0 0 0
0 0 0 0 0 0 0 0 0 0 0 0 0 0 0 0
0 0 0 0 0 0 0 0 0 0 0 0 0 0 0 0
0 0 0 0 0 0 0 0 0 0 0 0 0 0 0 0
0 0 0 0 0 0 0 0 0 0 0 0 0 0 0 0
0 0 0 0 0 0 0 0 0 0 0 0 0 0 0 0
0 0 0 218 0 0 0 0 0 0 0 0 0 711 554 0
0 0 0 0 0 0 0 731 1535 813 34 0 0 0 0 0
0 173 1250 1848 390 145 163 0 0 0 0 0 605 1720 605 0
0 0 0 0 0 0 0 844 1459 197 360 859 0 0 0 0
0 161 573 1071 495 1899 2058 0 0 0 0 0 289 1299 686 1680
2149 921 0 0 0 0 0 617 1294 1080 1159 694 0 0 0 0
0 0 72 251 517 114 0 0 0 0 0 0 0 0 0 0
0 245 892 0 0 0 0 0 0 0 0 890 1423 0 0 0
0 0 0 0 0 997 2344 888 0 0 0 0 0 0 0 0
2256 1180 0 0 64 64 0 0 0 0 1198 586 0 0 50 0
0 0 0 0 0 1163 0 0 0 0 0 0 0 0 0 488
0 0 0 297 0 0 0 0 0 0 386 0 0 640 222 211
563 0 0 0 0 297 0 0 696 666 1097 0 0 0 0 506
0 0 534 1068 901 0 0 0 69 42 90 0 500 420 0 0
0 0 91 0 1 1 0 0 512 1716 1923 230 0 0 7 1
1 0 359 1626 2401 458 0 0 0 0 1 0 62 1409 2367 874
0 0 0 0 0 0 25 1000 1751 1217 0 0 0 0 0 8
0 340 1216 327 0 0 0 384 388 0 0 0 425 613 0 0
0 1196 501 0 0 0 56 486 0 0 0 0 738 0 0 0
0 233 617 0 0 0 0 87 0 0 0 0 236 417 0 0
0 0 0 0 0 0 0 0 0 0 0 0 0 0 0 0
0 0 0 0 0 0 0 0 0 0 0 0 3 0 0 0
0 0 0 0 0 0 0 0 0 0 0 0 0 0 0 0
0 0 0 0 0 0 0 0 0 0 239 0 0 0 0 0
0 0 0 0 0 0 0 0 0 0 0 0 0 0 0 0
0 0 0 0 0 0 0 974 0 0 0 0 0 0 0 0
0 0 1795 0 0 0 1023 0 0 0 0 0 155 1639 0 0
0 1046 1480 0 0 0 0 880 621 0 0 0 0 110 0 0
0 0 0 0 0 0 0 0 0 0 0 0 0 0 0 0
0 0 0 0 0 0 718 718 716 358 0 0 0 0 0 68
708 718 718 649 0 0 0 0 0 0 0 688 718 665 104 0
0 0 0 0 0 0 697 715 138 0 0 0 0 0 0 1040
798 721 680 0 0 0 0 0 0 842 1879 1180 712 500 0 0
0 0 0 0 0 0 234 610 130 0 0 0 0 0 0 0
0 0 0 0 0 0 0 0 0 0 0 0 0 0 0 0
0 0 0 0 0 0 0 0 0 463 631 0 0 0 0 0
0 0 230 554 946 1838 2157 224 0 0 0 0 0 723 720 0
0 0 0 1052 1139 0 0 0 0 0 0 0 0 816 1797 0
0 0 265 633 0 0 0 385 2093 222 0 0 0 1261 437 0
0 76 1753 1186 0 0 0 115 0 0 0 0 710 2248 0 0
0 395 0 0 0 0 0 1302 1049 0 0 2375 0 0 0 0
0 150 1804 0 0 0 1387 0 0 0 0 0 558 1876 0 0
1558 0 0 0 0 0 917 781 1456 0 0 893 0 0 0 0
795 593 469 392 0 440 0 0 0 0 329 460 0 0 0 0
0 0 0 0 436 450 0 0 0 0 0 0 0 207 768 0
0 0 0 0 0 0 0 0 0 0 1086 0 0 0 0 0
0 0 0 0 0 0 541 0 0 0 0 0 0 0 0 0
0 0 0 0 0 0 0 0 0 0 0 0 0 0 0 0
0 0 0 0 282 870 456 0 0 0 0 0 0 0 0 0
381 1277 1424 0 0 0 0 0 0 0 0 0 0 915 280 0
0 0 644 0 0 0 0 0 0 0 0 0 0 1183 977 0
0 0 0 0 0 0 0 0 0 0 0 0 0 0 0 0
0 0 0 0 0 0 0 0 0 0 0 0 0 0 0 0
59 1026 0 0 0 0 0 0 0 0 32 1143 1669 1527 640 0
0 0 0 0 0 307 494 150 0 0 0 0 0 0 0 116
568 0 0 0 0 0 0 0 0 0 441 0 0 0 0 0
0 0 0 0 184 480 0 0 0 1589 0 0 0 0 0 401
519 0 0 1211 2556 1888 150 0 0 0 471 754 446 499 2044 2332
1808 586 0 0 0 333 1195 2351 2885 3234 2655 1535 388 0 0 0
338 851 2135 2614 2488 1823 452 0 0 0 0 0 0 0 0 0
0 239 0 0 0 0 0 0 0 0 0 0 0 0 0 0
0 0 0 267 0 0 0 0 0 0 0 0 0 58 276 0
0 0 0 0 0 0 0 0 348 0 56 0 0 0 0 0
0 0 389 153 0 1590 198 0 0 454 0 0 0 682 0 452
2795 0 0 0 0 0 0 0 513 0 573 2348 0 0 0 0
0 0 48 418 0 1932 393 0 0 0 0 0 0 0 0 0
1930 294 0 0 0 0 0 0 0 0 0 0 0 0 0 0
0 0 0 0 0 0 0 278 496 1851 2222 1233 565 0 0 0
14 326 137 0 0 0 0 0 0 0 0 260 515 0 0 0
0 0 0 0 0 0 310 46 0 0 0 0 92 89 0 0
0 0 0 0 405 1222 1897 1581 723 234 0 156 0 0 0 427
929 2666 2728 1596 704 0 105 0 0 0 0 0 0 933 572 525
0 0 0 0 0 0 0 0 0 0 0 19 0 0 0 0
0 0 0 0 0 0 41 0 0 0 0 0 0 0 0 0
0 12 0 0 0 0 0 0 0 0 0 0 0 0 0 0
0 0 0 0 0 0 0 0 0 0 0 0 0 0 0 0
0 0 0 0 0 0 0 0 0 424 803 351 0 0 0 0
0 0 156 47 0 407 268 0 0 0 0 0 0 0 0 0
0 361 311 0 0 0 0 0 0 0 0 0 0 0 0 0
0 0 0 0 0 0 0 0 0 0 0 0 0 0 0 0
0 0 0 0 348 760 0 0 0 0 0 100 218 149 187 582
1843 1598 0 0 0 0 0 0 351 127 279 961 2443 3356 2505 1633
717 463 267 74 0 0 0 0 0 0 0 0 0 59 0 0
0 0 0 0 0 0 689 1264 805 10 0 0 0 0 0 0
0 750 415 0 0 0 0 0 0 0 0 0 0 0 0 0
0 0 0 0 0 0 0 0 0 0 0 0 0 0 0 0
0 0 0 0 0 0 0 0 0 0 0 0 137 558 587 12
328 0 0 0 0 0 0 0 0 0 220 130 0 0 0 0
0 508 0 0 328 0 0 0 0 14 0 671 1155 975 865 0
0 0 0 0 0 0 0 463 788 0 0 0 0 0 0 0
0 0 0 0 0 0 0 0 0 0 0 0 0 0 0 0
0 0 0 0 0 0 0 0 0 0 0 0 0 0 0 0
0 0 0 0 0 0 0 0 0 0 0 0 0 0 0 0
0 0 0 0 0 0 0 0 0 0 0 0 0 0 0 0
0 0 0 0 0 0 0 0 0 0 0 0 0 0 0 0
0 0 0 0 0 0 0 0 0 0 0 0 0 0 0 0
0 0 0 0 0 0 0 0 0 0 0 0 0 0 0 0
0 0 0 0 0 0 0 0 0 0 0 0 0 0 0 0
0 0 0 0 0 0 0 0 81 1148 89 0 0 0 0 0
0 0 565 2228 1897 9 0 0 0 0 0 0 0 2389 2089 557
0 0 0 0 0 0 0 1164 246 0 0 0 0 0 0 0
0 928 219 0 0 0 0 0 0 0 0 0 1043 0 0 0
0 144 0 0 0 0 0 0 0 0 582 1160 1628 800 0 0
0 0 0 0 272 1404 2092 1981 431 0 0 0 0 0 0 1121
2098 2071 803 0 0 0 0 0 344 898 1745 1711 646 0 0 0
0 359 699 0 0 197 678 853 0 0 856 1790 0 0 0 1568
1485 341 0 0 2492 2446 71 0 0 0 0 0 0 0 0 0
0 0 0 0 0 0 0 0 0 0 0 0 0 0 0 0
0 0 0 0 0 218 0 0 0 1535 813 0 0 605 1848 390
163 0 844 1459 2058 0 0 1299 1680 2149 0 0 0 890 1423 0
0 0 2344 888 64 0 1198 586 50 0 0 488 640 297 563 506
297 1068 1097 0 1 359 2401 1923 0 25 1751 2367 0 0 425 1216
0 1196 388 617 0 0 738 0 417 0 0 0 0 0 0 0
0 0 0 0 0 239 0 0 974 0 0 0 0 1795 0 1046
1480 0 880 0 0 110 718 716 0 0 68 718 104 0 0 1040
680 0 0 842 1879 130 0 0 0 0 631 0 0 0 230 0
816 1797 0 633 76 2093 222 115 1261 1302 2248 2375 395 0 1876 0
1558 0 0 1456 440 893 0 795 0 0 207 1086 0 0 0 0
0 541 0 0 282 870 0 0 0 0 1277 1424 0 1183 0 0
0 0 0 1026 0 0 0 307 1669 1527 0 0 568 0 0 0
401 519 1211 2556 150 471 2351 3234 2655 586 0 0 0 239 0 0
276 0 0 0 389 348 1590 0 454 682 573 2795 0 0 418 1932
393 0 0 0 326 496 2222 1233 0 515 0 0 92 156 0 427
2666 2728 105 0 0 0 933 41 0 0 0 0 0 0 0 0
0 0 0 156 424 803 0 0 0 0 361 0 0 0 0 0
1843 1598 0 100 351 0 0 0 1264 805 0 0 0 750 0 0
0 0 0 0 0 0 137 587 328 14 671 1155 865 0 0 0
0 0 0 0 0 0 0 0 0 0 0 0 0 0 0 0
0 0 0 0 0 0 0 0 0 0 1148 89 0 0 2389 2228
9 0 928 1164 0 0 0 1043 0 1160 1628 0 0 1121 2098 1981
