2 120 84 10 12 15 1
-284368 -66482 -749534 -685912 -305616 3270440 -657734 645658 -459478 -1236832 -305492 1327041 1404724 184705 920252 1907480 1714917 1108798 -373615 -1696825 638591 -116903 -201373 1961036 -264664 -1844617 -1307088 2942591 2000110 -43587 -1668771 -723458 834787 433082 -976046 2607840 -546706 1456141 177810 4026776 4039687 -316712 1572984 -1226278 104585 1278906 -1407007 2046298 404536 -658444 -1561226 -1021502 -3393175 1272771 1486150 3763237 976106 -445120 2054891 640048 -3478636 1865495 2538987 -2677588 584344 572549 -1745314 -817422 587045 -2228674 3612918 2836959 -1225558 -806252 5024816 2440976 -2372136 -50290 -1423786 -1219708 977874 634022 -2555214 -62785
1034 0 387 0 0 4633 0 1252 1272 0 0 0 0 0 0 0 1188 0 2428 0 0 0 0 0 0 0 0 1023 0 0 0 0 1666 279 0 1149 0 0 0 66 1970 0 0 3466 1118 0 0 0 0 0 1832 1463 0 0 2332 260 0 0 1057 0 0 0 0 0 0 0 1246 0 986 0 235 0 2746 0 0 0 0 1492 0 270 0 0 0 0 0 0 925 0 1475 0 0 0 0 0 0 0 0 0 946 487 0 0 0 0 0 0 744 0 0 0 0 0 2865 0 0 0 0 0 0 0
1001 -729 -7912 698 6347 3647 -919 -2296 9131 -837
-1246 197 -1364 1218 -3822 1334 2455 1302 -1904 -656
-2455 858 2139 -1941 -4455 2349 -2792 -82 -1239 2127
-1437 1218 187 -318 409 -1068 -847 164 555 -2203
-12131 -1225 10535 1430 -5227 2508 1094 -171 3526 855
8040 -2693 -256 -2214 -15002 6334 -1325 -199 4251 1027
6755 -127 8867 -1632 13150 1863 -2514 -2478 1875 -861
8211 881 6372 -755 -4929 9257 -1939 -4857 -2791 1376
2790 1311 -8664 -90 8310 -2824 -2770 -1866 -2846 355
4907 1043 7702 3228 4117 -6463 2529 7984 82 -143
-4397 1457 -26865 1957 9442 22256 -348 -9923 -3738 -1723
-1864 -530 7414 551 9710 -2913 -489 7355 -3574 -2087
4610 -1869 -13625 -1535 -1515 -4885 -568 3913 3859 3024
-5826 -712 -5707 1469 -9884 9914 524 -7180 8035 2436
11596 -3830 -1397 -1104 -11430 2230 1351 -4966 17107 3523
-6958 2029 4565 -86 -2897 5065 1333 -17865 3674 -1254
-679 2033 -1222 -1504 -2360 1139 -322 -3461 10693 -2779
4056 -114 4784 -1496 -9386 621 -907 1246 6407 -622
-3257 2854 -1995 -454 758 -729 -893 -280 -1419 -75
-702 1348 -342 -1987 332 -3742 -884 -2707 451 -2215
-1549 1459 712 289 15012 4183 -907 -9660 -5559 974
-88 1212 -15844 723 -2069 -63 3163 -4883 -3617 567
10597 5 -12342 -3358 -11039 3644 1798 6668 7778 154
-1257 -2148 7505 -1929 5626 -8172 -303 -3912 9594 2242
5347 -1849 829 -2106 1159 3122 524 -1411 1079 -2195
-5566 -2066 -9850 2258 5791 7773 -2525 4370 -4311 -2264
133 1944 -4323 -1793 -1383 689 2878 2005 -2792 2461
-64 1998 3296 -592 -10987 -3026 2462 6705 7425 2749
-340 -1452 6757 1869 -8292 -2264 -709 -4561 7688 -351
-11428 -3330 11915 1775 -8778 4313 599 2711 2226 -1341
3001 3545 2557 -1367 5577 4765 390 -8031 -24004 -3651
-398 2250 16399 282 8936 13382 1832 -8766 5079 -1058
8004 -1235 -11207 2656 1775 -7597 551 1390 -38 33
8735 103 -10186 -1206 -10545 5427 150 -4437 1473 -2549
4918 -2134 -7973 1284 6685 -12109 2572 -811 -3461 -2756
-8437 -391 1746 973 -6598 195 -2270 4009 10220 -1261
-15211 -1783 -7281 -902 7341 939 2561 -13118 9412 -586
5210 1253 -8801 -2462 7836 -11106 2056 6335 -74 3230
7047 3056 -2812 470 -19270 422 1887 4799 3344 -1793
12331 -792 -2192 -1860 -10259 -1616 -1013 -10890 10575 518
-7113 -587 7461 2965 12758 -196 -1589 -714 7635 1890
-8539 -2554 3767 481 -14094 -14050 -2271 -2894 12505 -265
-123 1676 -659 -328 -3118 -21689 -2196 8097 471 1581
3052 -275 7418 3281 -1655 3420 1124 2061 -2358 -1980
860 -3603 -1598 -2181 4780 -6057 -2071 579 -752 1094
3774 1062 -4489 -507 262 6126 114 3942 65 -732
-7519 650 -3316 -1595 1426 3999 842 -12481 13377 -2578
-5631 1158 -1134 -157 6020 1536 1653 4912 1019 2950
-3837 -2203 -911 671 1762 3727 273 -3848 729 -2272
648 -918 -6987 -697 7703 3983 3112 -3966 14027 -1720
-2621 1308 -284 1357 -4034 -644 -2353 -2956 -1576 226
3220 -1932 4028 927 -6006 -1955 -1696 -5583 -6603 2597
122 1175 6294 644 -6176 -16095 -1233 -4213 -2607 2353
-3354 1940 -2521 1073 6038 8816 2212 6161 -509 -2106
9074 -1039 3759 -1475 -12641 -4962 -3013 -5758 -4836 -3722
-4245 -2315 -4594 2753 -4937 1647 1492 -10497 550 -952
-1264 -1873 -848 1482 350 427 -1880 -3025 -32 -531
2356 -2616 7182 1765 816 -10482 -2368 -2121 1273 -2547
2784 -2574 2804 -2405 1160 1466 -2342 6956 -2352 777
-1691 -278 -8175 2398 -27551 -14483 -2310 -1148 4330 -1876
-6703 4005 -3768 2215 9364 925 -1574 -2576 -10492 713
4291 -449 5147 -1986 6303 8222 -1738 -24733 -1905 -2723
8536 818 6416 -1924 12726 -5709 120 -2761 -4097 -1427
951 800 -2597 -366 -2790 -998 -2702 -5053 177 782
478 -271 -4437 -1614 2392 6607 1379 -5975 -19811 781
-396 -2688 -882 -1253 1173 63 862 -1309 814 698
4538 77 -1014 548 -1814 -4098 2660 4603 8664 1898
-1400 -842 1798 1156 841 -2080 2542 -2880 743 -1654
3310 -721 5283 7 -9594 1049 1913 6105 -39 2812
4052 -528 -12131 683 4282 1528 1548 -13312 10861 -1646
1172 232 8492 877 -5551 -7304 1744 2572 1380 -100
7285 -3648 -6411 -52 217 424 1445 15528 -4614 1022
903 -478 2345 -2607 -9392 -3810 -1662 1989 -5385 2761
11161 -2385 7999 22 -9440 -7839 -829 5185 3423 -84
7585 1922 4880 -139 -7635 6325 618 11087 6656 -1901
1911 277 -2593 3722 -4495 16069 -39 -1333 4146 -2264
-1172 -1619 -2639 -43 1146 -463 1755 -3539 -2375 1838
-2215 3142 -742 -1446 5746 -4546 -3477 7882 -7023 -1209
-9395 -195 -11209 -3200 1664 -402 -2202 -7100 7954 3364
-1107 -1329 -3327 -776 985 243 1864 -1220 -2925 -563
-171 -2452 973 -1721 -300 -834 -1479 -628 -736 -2279
4404 -484 -1200 -67 1949 -26466 -1364 6907 3126 -1773
-6216 -2615 6309 3887 1232 -5376 3578 8831 -3321 2490
-1658 2147 -2364 2077 -2659 -2424 -1958 -1963 -3635 -238
3693 -4282 2110 1134 -5200 2128 6475 2013 -1711 -973
1269 -578 287 -3553 -477 -572 1158 -190 308 909
2525 -555 1827 -4471 990 -4294 1420 -305 648 1697
-1881 915 -1992 -2517 -103 -3214 -2148 2501 -613 -1210
1642 -1969 -1322 -3459 -9815 3204 4540 1551 7095 231
16461 5297 1429 -13209 10663 7709 -8157 524 5735 3105
25519 -4913 549 -1834 11450 8687 -17249 -503 -7844 1824
5068 -3124 -2264 -9502 8887 788 1180 807 10248 -1123
2315 -4789 2276 -5412 -9811 -172 7051 1710 -9514 -1377
-8350 -10768 849 -1881 -5682 10090 -2783 336 -5062 -880
-10665 9157 -1135 -4925 1990 2515 -5508 2607 5190 30
17133 474 -2394 -261 3842 -3605 -250 -1177 2222 983
12732 -3368 -2129 -5235 845 -14582 16507 422 1567 -1475
2656 -4290 -2031 -4292 8900 -2824 -5552 -11 -443 -101
15855 -2626 -3879 -9671 6612 5847 4716 688 -6456 2112
-138 6360 1645 -1181 -6978 2150 -7392 775 9544 154
11231 -224 571 -2620 9328 5926 -772 -2170 13369 -8
3854 4938 25 -9098 -20304 4765 6966 2047 -10842 -2232
-1826 -2291 -351 -853 450 121 -670 -2366 -3911 -1813
2280 -1412 1900 -2725 1163 -1360 -929 -1296 -4042 871
6204 2179 366 -1082 -2378 6941 1910 842 -3487 1805
-6896 -9453 1474 6437 1922 -4963 -4610 -3303 -1845 -1010
-21954 -9241 1024 -842 -15155 -11368 156 2789 4804 -1106
1459 -8079 -2292 1652 -3319 250 1866 -1516 -4596 -445
-1603 5464 -683 2363 13090 -3188 -10615 -1486 5805 -279
7927 -9930 806 3081 -1567 -11127 4203 2222 2343 -1170
-178 278 -2016 -3109 -2397 -2745 1625 -749 131 -2273
6545 2659 1756 3413 3244 3491 -5010 1103 4873 3048
14473 -6058 -1497 -191 7242 8327 8550 2293 -4252 -2172
-15325 4088 -2785 -4214 -16860 5009 5847 -1295 -5857 -1220
-9645 -6026 3301 -52 -12226 9789 4681 -282 -16024 -1934
21903 -7616 769 34 2830 680 2776 -2585 -1560 -2646
3952 6337 58 -322 2314 -19195 -13810 -1745 -559 2331
-4242 5733 -832 2638 4113 -10237 -3250 -18 -8684 2645
12486 9391 -2029 7019 585 -9569 1869 -2408 -2238 -412
12888 -6684 -769 6059 -2266 -5089 -1450 963 -6015 2075
22918 8251 -2875 -7744 2269 6505 7128 -127 -990 771
5511 -429 3170 105 -6611 9595 3081 -3061 -5388 1845
6500 3636 -846 1541 3464 -12699 3365 -156 7167 -1722
9006 -12048 797 -975 -11913 8841 -9085 1780 -4170 1283
1958 3896 -1466 6672 4168 -15957 -4143 2267 12129 -1617
3202 7009 2182 8924 -58 -4056 -5354 -844 5271 -1059
-15381 665 -1353 8360 6738 7240 2262 -1628 -1179 2621
-7641 -9438 -830 -3172 -267 -1554 -3090 -824 797 1786
-1625 12856 -3253 10484 329 -4548 -9266 281 5061 476
330 -13877 -1435 -3458 -4829 554 -6750 -2246 -9139 -1547
1446 9013 1183 -13849 5830 -8542 278 1006 5429 -1430
8100 3039 85 -4653 -2512 -3002 9535 -788 3430 1891
-9440 -2808 -2786 -5475 -8354 7297 1606 809 796 -2829
16202 -848 56 1883 2463 6490 7421 956 -8003 3608
961 -2286 -2258 -2616 -1376 -653 -2114 -2007 -3165 -2655
-560 -3860 -2666 -6482 -4398 3020 -669 2334 4720 -1644
-5905 2667 -1713 2510 -1112 8147 23 -2360 1005 1377
310 8974 835 -6981 4394 -3584 -17080 -2585 -4462 332
-374 -8373 3011 -9692 -4837 72 -12240 -765 -9494 161
5783 -1602 -1714 -17554 3517 -1248 -3004 2838 8847 1378
1984 -2497 -1618 -1821 -979 -870 862 -862 547 -2312
8996 10574 -1977 1313 425 -7234 -7221 45 5405 -662
-5606 -2315 -3534 8312 1311 -7605 8585 2512 -9720 2020
-3781 574 -208 2681 -10874 -2522 3891 -66 -11321 -1515
-3346 6666 -1805 5115 -5128 -4798 -6090 -2641 -195 56
6911 -540 -1374 -6581 8148 16041 6609 1436 -4440 1008
976 -6159 788 8212 -1865 -1115 2874 1078 -5434 -197
10202 423 731 -7735 -14610 116 9240 -1427 7666 2711
4208 93 1731 -926 -12397 7434 -8681 3015 50 386
-513 -4119 -494 1277 -653 -4155 -3938 -1909 -4125 -1253
-12824 -6118 1152 3915 -1751 3527 -7442 2419 -6770 3129
-1401 606 -2679 -526 -3023 -1054 152 -2017 -1252 -1325
7185 4159 148 -16358 4883 -10138 7596 -2844 2152 808
-887 14584 -206 -23651 8729 2810 -1188 -361 7871 2807
1628 -4951 -355 1095 11007 -11118 -4125 1142 -7855 217
-5734 4496 -1068 -693 -2553 -1605 -6357 -1888 2809 2718
-1965 -2601 -2575 -1934 -7046 6667 2757 -1370 -10554 2927
-5267 -4085 -1607 4154 -12163 6609 -2439 2680 2775 -808
7080 -13457 1968 -51 -13560 13405 4519 -1358 1141 1242
10136 1366 -1961 7536 344 9601 1168 -1163 -8527 812
-888 -77 1970 -1122 -4416 1584 -3427 -1734 -2152 2876
7160 -1142 -2117 -1695 583 -5199 4596 2286 -6096 516
4016 4576 -2043 -8850 -3787 -1617 10044 2057 9293 2153
2501 -260 -2546 990 887 -2883 -2093 1967 -1518 -2834
2592 -2870 -1121 2340 -2951 -1723 -804 -1029 -2364 -621
-10755 4117 1385 8968 -3192 -15522 -11374 -2045 6240 1426
6803 -4878 1784 -4212 398 -5094 11166 -2524 2126 -1211
-1855 429 -2226 -1022 -3826 -2368 -1254 -858 -1700 -2716
743 1401 -25 -3443 -1530 8558 1178 -10106 -969 2206
1150 2977 -596 -174 -712 55 -2515 -1640 1556 -2113
-3413 940 -4863 -3679 1311 -677 149 -2345 291 -3301
-863 347 -1106 -184 -1344 1348 1137 -3416 -2953 -1035
11832 855 8914 9321 -2036 -2413 -2552 -450 -2154 565
9953 -2138 -5073 -2887 -2514 -9376 2276 -889 2408 -15802
3301 1634 -9430 3772 997 -6100 -138 -9272 9565 2633
-12770 1598 -6717 -320 -2927 -16767 -2228 1379 -17 -7982
-11024 289 3200 -1356 2708 10685 -1962 -12298 -2775 -3304
12483 -683 -1684 2493 -1272 -7216 1887 -1338 8629 -6778
4116 2014 -3031 2200 414 -8921 -190 -1607 16381 1000
-3809 402 -3391 5518 2606 -7468 -89 -10480 4442 -2750
2101 1024 2476 -7235 2846 -2368 1444 454 -6177 4926
10416 1708 -4444 8269 -398 -13378 -1281 3664 5665 7238
709 -1178 7357 -1255 -3234 427 2125 -5606 -4389 -2290
-3872 1501 3914 -1731 -757 -13167 -62 9508 -967 -16384
-12235 916 4219 491 -2197 -1583 1927 10613 -2300 626
-57 945 1739 1317 233 -6345 210 708 -2970 10261
-3740 452 -3384 -84 -58 -3033 -985 -525 -850 1696
-1031 -1251 -2411 -1843 -522 -550 -2144 -1767 -4409 1252
8975 -1722 -2194 -2250 1348 4609 -587 5703 2549 9698
10037 415 -4435 112 -2339 -9576 1451 -1352 -3514 -5026
5791 1045 2043 5122 -1181 -723 644 -63 3563 -2916
-2333 -762 435 4788 -13 11035 -2269 2459 -9776 -3247
3233 994 -12180 2642 2236 -12681 1036 4348 2201 -20865
5244 1005 -4601 -1509 -2364 1387 -1061 1871 -11550 -806
-1524 -865 -4277 -3631 -1664 -2213 -1263 -4432 -262 -2091
9724 2216 -234 -1427 -2639 3838 -2994 604 7814 -3882
-4770 -2523 5278 -2605 -1259 6843 484 -6041 -88 6845
-1353 -964 4874 6880 1738 4596 -358 -2213 -3055 5260
362 414 -9892 10385 1499 8673 -2449 3376 4207 7539
-5686 2574 -1898 -15248 1136 2221 839 -606 -4492 4187
4205 1504 -6485 -1043 1381 -9460 -1093 8634 2209 -5008
-3675 280 9586 -8873 -749 7898 -1030 1471 -3284 -11304
-6419 2494 -3338 -2166 463 4280 1844 1578 -3670 6403
735 1456 1683 -1821 -350 -11247 1261 10021 -10414 -9231
6930 2695 7855 -9553 2146 9394 557 -5485 3870 5475
392 806 -8124 2401 -1481 -2365 538 1708 7071 -9601
4519 -736 -11381 1823 799 -3220 -59 -9898 7142 -8331
2076 -3092 -6389 5259 -2334 3770 -1033 -9094 2668 4095
4010 2817 7781 3132 -2738 -10943 461 7525 -22507 -849
10970 2874 -2951 4629 1089 3365 -2296 6098 -4695 4187
5574 -822 3379 -15569 -1640 -1204 -698 -851 -5531 -2100
18190 1927 -3589 13133 2843 -11547 -1842 3597 5944 4180
11208 -2113 -14448 1895 614 -2291 -1532 -1581 -3245 4720
-1829 -1590 2159 -4476 1398 -11278 -218 2904 3363 -3089
-1228 1597 4785 -5990 2575 2084 58 1399 430 -18105
-9831 2474 10008 -8227 1079 -2306 1486 11977 -12295 4230
-919 -2392 -2691 -3300 -2691 2703 -1594 -1600 3653 1761
-14286 -2930 6437 -11807 3407 -1020 78 -25135 -173 -8136
21 -362 -2351 727 826 -4469 -1023 914 347 -2100
-2513 1845 2356 -3509 -2261 3819 -83 -1046 -2247 -4195
3387 -1475 5853 5064 -1151 263 -3031 -3403 -965 6775
6471 -2120 -1497 4746 1701 -3308 -1130 -2922 5904 -399
-2891 2682 8355 -656 -139 -6656 1439 3750 7182 -4761
-189 -1596 -6155 -762 2629 -24053 -2667 2576 391 -15630
-2051 -2641 -1115 733 -517 -1976 -853 -3147 -1361 1984
-910 938 12400 1053 2094 6345 -1683 1827 -861 798
8725 8 10150 -3408 -650 5377 1330 -9380 76 7277
1942 2911 -4682 6629 1395 927 -1635 5760 6588 904
8901 -240 -3581 12051 -1905 -1499 1672 765 6690 10273
-1725 -247 -3781 -1850 286 1869 651 -10089 5848 8517
-13384 1130 -2485 -4556 599 -5959 2024 2612 -4105 -2612
-967 -463 1822 -11114 1015 -23661 2170 3614 11137 -13108
6659 -223 -1527 4003 -163 773 1213 2705 4187 11106
-792 2361 -2291 -2025 -2947 -2138 2183 -3222 -3085 -498
11674 -1987 1471 16836 -2375 1576 -799 -606 2170 -13362
-1395 1202 -1761 732 -2275 775 2582 943 -2854 -1416
-13243 2761 6798 -17986 2274 -6247 -2543 -1916 -3797 -3135
-6500 36 -10379 -5425 -1171 -2638 -1507 -3758 -417 -4980
-3640 -1379 10716 -1711 -2066 -990 -675 8715 -14329 -6262
-3318 2786 -15998 2395 2834 -4505 2336 -788 10250 -3062
-1128 -2493 -87 -8179 -343 -436 -2346 -4304 5065 -4546
3654 856 -6042 -5200 -2247 10206 985 -6197 3280 -15706
1840 -2370 -4637 -4303 1547 -379 1348 -2643 -5757 -9928
288 -1684 24 -3895 159 445 -1461 -436 520 7308
-3077 -2267 -2077 -2648 79 767 1488 -673 -225 106
-2016 -1672 -16254 -760 -1843 4139 2308 5692 1874 -3951
318 -3443 1499 2896 2876 920 -292 -1290 7361 -10932
-425 418 -144 -2717 -2038 -1077 -806 -3297 -1765 -1451
1013 1493 1399 -450 2557 -3139 34 -4010 1318 547
1109 2235 3569 4507 -895 -11691 -2168 6595 4144 -4134
8836 -1410 -156 11469 830 11340 -2269 -2963 -2183 -7046
-1269 -1037 -4365 -3906 633 438 2622 -3539 905 1499
-2151 6492 -684 -5329 9316 4663 -1326 -2012 -2604 -4802
-1707 -1580 -2182 -3365 -1997 1143 2132 321 -2688 -1744
176 1884 -113 -1646 -2932 -2875 1716 -3635 2027 -2226
2000 -2306 -519 -1156 462 -2947 -1928 -1758 -141 -186
-3065 7016 11178 -7679 6034 -1548 -1813 1768 -1637 9412
2033 13032 4061 1618 -2164 -996 -997 -1208 690 17587
3217 -6020 12579 -2305 588 4857 517 -83 2521 -186
237 -13882 -7232 15608 3037 -1614 -4244 -564 -1385 2783
-85 4991 1917 -4794 5929 1618 -3802 -1311 2446 74
-581 2753 7235 -7078 -7415 -10114 2172 995 -1623 3691
-2026 3561 12670 -1076 -4981 918 -768 698 2901 1796
-547 2837 -3207 -9164 2098 6525 -193 -581 -2375 1074
-863 15227 358 -3756 -24655 5135 3161 91 1693 -9668
1691 -3398 6005 3763 -6655 2432 523 -1267 2523 -9020
2166 -6370 -4578 142 -3948 10428 2061 2241 -320 -4014
-1040 6899 -11440 -2053 8180 5210 -566 -2231 2672 5965
-1991 1023 1313 -4101 -6848 7423 1572 1365 -423 7068
-3214 5504 5436 5449 -10340 -5225 -1958 -1107 1911 9150
688 127 -3919 822 1745 -2049 1091 -732 -2348 -1897
2132 3086 421 -4427 -89 -3992 56 2264 -1992 896
-1664 9521 2240 5841 3700 -695 1103 2197 1330 -5779
1242 -1960 223 3779 -22722 6182 -2752 2602 -2213 -15634
2298 -5247 17951 -8949 18904 -3414 2259 -907 -789 741
-2152 -535 -173 6544 -5095 4820 1283 628 212 -8097
134 4347 1040 -3336 -11888 3824 -411 -1375 4150 -11989
1093 7613 353 -16318 -12381 -6084 -2981 968 -1079 254
542 2974 1445 -389 841 -3237 -1940 -1548 -195 -579
1553 15082 -1001 -10820 -1309 -4208 1534 500 2997 8537
-1963 15195 11493 -7100 -12488 10242 -729 1842 780 5811
-868 -2813 14346 12395 -7207 -6582 -5180 -3696 -477 1843
-737 -13111 5583 -363 -1180 3605 3596 -2354 1071 -14634
1267 -4084 -13073 -370 16734 -8797 1923 -2466 -1431 978
2455 6619 5248 -8122 436 11689 1315 -565 -1026 -2945
-3296 6427 -15721 -14 834 -4638 -762 -3477 -3109 255
-330 -14688 -5482 6805 -15222 5517 1942 4587 -3732 -12760
484 2433 -8842 7639 5110 -9149 1261 1480 259 -1651
-2384 699 614 -1211 4843 -4348 -1651 -1075 -2431 -24338
-280 -872 12548 -1673 10240 -16280 -633 -1223 2566 -4732
-347 7824 7297 -2474 3882 3820 935 844 -1039 -15752
-1500 -9051 5228 1785 3238 9439 -2424 -2349 2504 -14727
177 7479 -14366 10029 893 -500 531 -12 1369 10995
3076 6899 -1877 -4464 7200 -24660 -1128 1848 3321 -2983
1090 8619 -7608 3020 8663 6132 5195 2074 2302 6844
-36 -8762 12814 -1311 -6785 -2040 163 -2426 1696 -5247
635 -6616 10505 -312 12516 793 -2798 3072 1954 -5738
-1133 3365 2978 123 -5637 1752 -2033 2161 1643 6959
-523 10316 4035 261 736 2281 1137 -1650 924 1328
118 19533 -9919 -6399 -21869 4351 -787 2360 -1000 7635
-2010 -31468 -6463 5220 337 -10019 -2179 800 -1590 -12830
2973 8152 7611 -2272 2655 2859 453 -1469 -2711 6126
2007 -1388 2397 696 -949 -2381 -1312 -544 -2531 -2122
2174 5002 757 -6476 -871 3005 -1821 -1108 65 1506
-1359 10167 1296 -6306 8336 6976 3333 -1301 -2008 -10043
1775 16093 -4859 6523 -6289 15799 -1477 -2219 2761 -8705
-2060 -5085 8866 12467 6465 5360 -2336 795 -3208 -6025
471 12344 7210 2652 4107 -1728 854 -327 -2528 3229
-731 -2203 -1814 -2575 -909 -1115 -2259 -2304 2518 1764
2324 4711 7677 -2632 2559 -1437 -1708 -1114 1240 505
-1826 10656 -1774 -8149 676 -9574 -2809 -3211 310 -7694
541 1676 -2973 -25157 -5532 -2571 -1791 -2308 -517 -7611
1424 -5393 -654 557 -15865 -6907 1380 1345 -415 -7774
734 -661 -7915 7902 8241 4647 -644 1237 759 -202
-2098 2887 -3832 -1491 -3783 1237 2707 863 668 5924
2921 3356 -6266 -2213 -4577 -3044 -936 -2567 -1545 2862
-2063 7991 6709 5912 -14548 1161 705 -119 1782 -10231
-923 180 -2103 -4121 -2363 -4071 -588 -598 1648 -2952
-2613 -5116 2785 1085 -18474 -3972 -1789 -1415 -1336 -10835
-1704 -1828 -720 699 590 -1340 -2288 1667 -2496 -1567
-1443 -10443 -1993 11728 5173 -6161 -2238 -1297 1658 2256
2662 -11032 8006 3217 -2798 6784 -790 3144 3130 113
-2068 4145 -15384 5651 -3652 311 2625 -2337 -1211 9301
-1440 2119 10244 8832 -7148 -765 -649 -2792 -104 -6594
2179 -4289 -2507 -5497 -8280 -7553 -2740 749 3069 -8717
1283 -2366 -2006 -70 -1729 1560 -1926 2739 986 7013
-3691 -5056 -7147 673 5550 -7587 455 2321 2134 1849
-1703 2161 -9196 -600 -12847 13834 -71 -674 3525 -2587
-1801 3679 -819 -2692 -3791 -2057 2389 -2150 2060 -4055
-2355 -1612 3664 5861 4417 -691 -2416 1065 1125 2407
-2093 2025 2110 6279 3341 7943 -962 -1528 -1392 51
1223 -1514 227 -2922 -654 -2203 -2768 2660 1464 885
-1664 -2060 9 -1437 -2922 -3577 -1351 88 1947 823
-998 -735 -2445 2425 5914 -3175 3176 127 -1427 -2697
1593 5089 10594 -1682 440 -3826 -2820 191 -781 -613
-1311 1216 -688 -905 744 -691 -2500 2457 1428 855
-15840 2097 2012 2825 3315 2372 -4918 13987 -7099 -2023
-3031 -266 -1696 1895 349 -1900 -2102 1572 58 -1765
-4495 -3837 1208 2522 1376 -2469 -6588 -877 337 1731
-1580 -81 362 -3142 -1460 -1688 -46 2290 -3640 1743
-5704 6343 1601 -9194 5546 -4586 5871 3501 8854 59
1962 3062 1250 5271 13809 5413 -6551 6028 -8336 369
9669 4648 1308 741 -5162 -3095 -3319 -663 3952 3872
-2870 -3214 -831 -819 11735 -9510 4931 -8037 6507 2309
-22185 10265 1914 -10754 10001 -6230 4783 -3347 2120 -2641
-8945 4617 -2554 -2745 5372 -4647 920 -1455 -3725 -3207
8463 -5217 -2377 9831 6293 -572 -974 -6622 -13377 2509
-10473 164 2323 734 13785 7397 1980 7710 -4812 9
5341 -14690 -955 -1664 -7539 6128 -1323 7753 -4483 -1368
8307 1277 -1691 9461 4423 2218 -2234 7922 -6246 2025
-6457 211 -1842 -235 -3951 -5175 2286 4834 10178 345
9382 13170 771 -1004 4425 -1301 -2072 -12248 8679 -4057
3015 -293 285 7685 -9650 5060 -4851 -764 4926 -1318
-9094 -5242 -2931 11781 -4659 1493 734 1447 -12242 2139
-1433 -2268 -95 -2672 -3230 1089 866 -1726 -918 2559
-1808 -3138 -1098 1426 -34 -1982 -1379 -3534 -458 28
6949 -8708 1025 7237 -7053 -5604 -9748 -2251 -1836 3136
12724 -7620 -1853 11618 -9593 562 -13787 -7496 10964 1043
-6335 -14995 -1631 9289 -3693 -121 5347 -537 7652 -845
-13397 7893 3092 6421 1700 7161 2625 -6947 10167 2231
-10366 7750 -2195 17799 -197 -797 -2405 -1731 6308 -810
-1017 -9180 -345 7094 -15966 -12648 2015 -3663 -3515 891
-3561 -708 -156 -3808 -3524 -1857 -1564 57 -3781 -1717
4617 -3792 185 5701 -5913 522 1105 -15760 6798 1626
-8068 -5314 -1206 -5994 -12793 5044 -505 1468 -1676 -2824
-4614 2184 -806 -14360 -742 -10803 -2709 -8726 -1172 1396
275 374 -730 1734 8086 7314 2616 -11152 -1142 -2757
-4994 1838 1586 7008 -11913 -7172 -10851 16456 -2906 -118
9150 -12513 50 -8812 -24245 -1081 7112 -2063 -755 1425
-7323 3233 -1309 2420 7889 -3604 1969 -1028 324 -1427
3379 -4868 1245 -5618 -8900 -3269 709 -360 -1549 -659
15766 -6822 1514 7076 3978 -12248 -9616 12463 1574 94
-5327 5417 151 -7184 5230 -6443 4741 -2387 -5015 -738
3248 -1386 -1345 -12606 -8760 8340 3610 5300 -1032 -1174
9538 -5635 434 -1421 2319 1150 1189 12243 -9355 -1917
1197 2530 1432 -3612 3594 2086 1702 3992 -2148 518
4042 289 306 -1809 8346 -3073 -2368 2297 2448 1950
-1173 -3141 1631 3904 -1730 -12571 -8068 4387 3909 -2734
-6149 -1150 86 471 7291 2818 -3259 -4843 878 1774
1867 4 627 -695 4261 11904 4253 -8116 6380 817
4574 -3277 -2017 5937 -959 2753 -3573 4432 4728 1887
7273 -6585 -142 -1339 -13037 -13759 -5819 5786 -4023 -2028
-27538 -13121 1339 -19558 8942 5846 7252 6720 1107 -1572
3799 5309 -2469 -14353 -19654 3853 6155 -9939 5724 871
-12366 3396 -1010 6506 8520 6306 -6554 13346 5626 606
-9747 3794 -944 1947 -3488 -7043 2605 4319 -7597 849
-1250 -2622 1282 -2488 1737 -2538 -321 666 1997 295
-932 -10164 1901 8825 -1262 -6109 -1169 -3976 1072 613
-5143 2786 757 -5533 7344 -2257 314 15508 -4914 -1214
-2775 1405 -506 623 -30807 7666 -5698 -2773 -3778 -1657
3107 560 -2502 1810 -5176 -5815 -1407 -1399 6359 -2752
3527 -13525 -359 13100 -1368 -5307 -12024 624 -10183 2115
838 1334 693 -426 375 -3457 -2014 -853 -50 -1564
-7247 7436 144 13778 2822 7607 -4052 -13658 -359 1825
2395 -9552 222 1859 1068 8346 -10290 4224 -4914 1392
173 -20022 -1524 6363 -10655 -664 5607 7076 2247 -2366
2050 7809 2971 9883 -8806 -2468 -8591 -8275 313 1359
-698 8950 960 13485 10600 10859 -10822 -3469 -2832 -1813
2254 -4602 622 12198 1400 -2909 1983 11442 1515 -3476
7581 -11667 -1417 7391 15415 -1259 -2458 259 -3598 2412
-5101 -2159 -1538 -1805 -3061 4790 1403 -15202 941 -1204
-1232 -2897 934 -2685 107 -1677 -519 1592 -1455 -2539
-2824 4134 580 5925 6214 -7143 6389 -7494 -1990 -2612
-1469 -2336 -2070 1772 -322 -3523 1606 -1884 -1090 950
-6238 6681 1583 -5339 -4771 -2803 -5818 343 -11961 2834
-13164 9471 -1847 -5662 566 -5427 7282 990 1877 1923
1337 -6438 1771 -2758 5128 -1185 -13584 9180 1809 3796
-986 9391 -1343 -11876 6606 -3293 4809 -9538 -13079 -889
-6500 4992 1713 -10084 -3413 4627 1866 -2789 -5614 -2489
8607 -325 572 -1217 -7674 7533 -1420 -3259 -1183 -3476
11451 -10776 1301 -668 6980 2640 -8842 5211 -12278 -268
4886 -5108 -1643 6678 8700 6362 -14637 6473 -5752 1880
-2601 -3206 -642 -588 45 -2732 -2543 -3227 -1450 1355
-3955 6157 -1204 5801 -13517 12813 -2420 2567 5808 3742
790 -9171 -785 -14105 12654 8104 9851 288 3992 475
-840 -853 -224 1080 734 2673 -602 -1375 -4258 243
399 -976 -1149 -2900 2326 -3402 -2262 -3162 -2093 -2606
-387 9847 -1334 -1969 2123 801 6694 -7653 12550 2133
-13550 -1210 705 10226 12690 11759 1224 -7622 5023 -902
-61 -2328 919 2610 1835 -1036 -2434 -3731 -2425 163
-2172 -9317 -318 -1632 8652 5820 805 -14783 -12742 1913
-4241 -5077 -777 -1568 39 -1475 -345 -2691 -2161 753
-3062 -3326 -798 -2154 -15 2600 -1831 -4454 2011 2914
-3449 -1117 2719 -553 -746 1895 -2754 -3400 -3312 1959
-5756 -6871 -261 -20651 11046 -199 2255 6097 -5750 -323
-6521 162 942 -2889 2868 2198 1881 9043 5119 732
-2046 5394 260 -2699 -616 -553 -915 -5151 -14830 -1443
4741 4294 3389 2519 -17041 -6385 -3141 -5251 2486 -879
7112 2146 1118 78 9045 14487 -842 -1054 3248 1666
1994 4424 67 -1848 7222 84 -1131 -1941 4751 -558
9600 3477 1218 3641 -2137 1757 -127 -2257 631 -2831
-5220 -2281 -1703 -3927 6690 13934 523 4966 -238 -1670
-3989 -2946 159 -9352 -1097 1688 -1372 4773 1849 208
5987 -217 3398 -3426 9478 -8507 -2017 10631 -2268 2485
-6758 1831 -583 -8298 1450 3395 2149 6054 -1013 595
10310 1760 -1754 2883 -8077 3897 823 1795 8707 2024
1713 -4154 -1695 6535 4128 290 -840 -7425 -2847 61
15135 -4858 1091 -18471 309 3972 2390 6516 7244 755
-1925 -3945 -1582 -237 -2786 760 1753 -2237 929 -2374
-1552 -683 -1521 -1333 -418 -3178 2050 -4648 -767 2620
980 1676 2566 10930 -5633 -16561 56 -7691 -11608 700
6379 3138 -954 4963 -5865 10017 1778 1822 6820 2243
-3920 301 -3350 6067 4214 -2865 -1649 -3294 174 2406
91 1300 -1830 -1376 -2795 3359 -1244 -3546 -2390 -1677
2959 -997 -2397 -5000 -15081 1678 -2990 -4610 8943 -2641
-4290 -8693 -1028 -9 1374 5823 762 -8940 -435 1359
364 -1516 2497 -3731 -569 -1897 -1495 1542 514 2828
-11691 -7044 -649 5625 7243 -3686 -428 -459 -2926 2075
-537 7585 1101 4771 -6273 10173 1736 -2045 -3151 682
-2199 3822 1505 -10850 -3115 -4437 -2149 5115 1622 75
5385 6656 -3173 996 2597 -2976 -2252 -16677 8440 -1056
7420 2832 3045 4960 5480 -10687 -1565 -8141 1259 -3917
-13538 -4845 -173 -754 -5396 -4845 -924 -3771 -7208 3718
638 3527 -2292 -2269 1947 -6024 1116 -3534 6230 -3502
-1377 3975 1264 1443 -8078 -529 2000 1094 16010 -19
5920 -123 1597 -5650 -97 -7461 594 -16891 1295 -213
2440 8196 1851 -4042 -7650 16 -699 7967 -7966 251
4413 -3340 1578 -15674 5508 -9503 2761 -10283 9485 -1712
1566 -9719 1003 6119 8536 13154 1493 -17674 -1148 -606
3239 2283 -405 2860 12648 -2208 1688 678 1862 -2349
-1188 1533 133 11614 -5806 5945 -1161 -7345 -847 667
1135 1162 -1937 -7755 -2544 4509 2218 -8943 4530 -599
-7212 7211 -2569 14085 -5400 -2375 -134 -8671 -965 1733
-11726 -6689 1252 13225 372 1344 -2454 908 -1048 792
-14882 -4315 905 9102 -6732 4819 -1476 -4618 -5029 1094
10113 1229 1412 -19363 10737 -9234 -2132 8039 5012 334
-1204 -10065 2623 -526 -4320 -5341 2657 -8588 -3432 2507
2734 8301 1793 -11235 -2244 -11317 2012 3743 11409 3467
4899 -5036 1440 12850 -2452 7263 2159 -9287 -8584 616
2755 -4940 1427 -8334 17382 -8286 -620 7946 -5649 821
-1981 568 -2213 1406 -1801 -2049 -2909 -3578 830 2802
5223 -414 -672 -1010 3655 -2989 -1412 -2258 -5389 -2391
-9808 1058 955 2803 5903 2199 1781 3137 -9756 -2235
-1417 1360 2653 -7392 6479 -1822 -1025 6539 -3493 -3071
3600 7138 -2069 4251 -2943 140 2068 -12469 326 -1339
4339 9772 -3077 -4997 2193 7870 2175 -15900 10529 2211
547 -695 2245 1291 -3326 -988 -358 -64 -2135 -174
10074 3491 430 -3570 -2176 5827 -1037 3009 -13157 -516
660 -6385 -2732 7010 2704 11783 -2197 -132 -12040 -304
7085 -22305 2958 -9060 -4347 -1279 2267 4095 -2500 201
-4755 10050 -1894 -4658 7152 -2995 -704 -7097 5326 1753
7306 -651 -1034 5391 9425 3461 -1856 1313 5830 73
-11750 -15616 1849 2653 2162 -3864 -582 -10670 8281 1020
-4447 -6433 -1185 1688 -25524 10071 -395 -9475 11504 838
-5158 -1908 -1083 -10094 3723 5321 -2308 -4309 4086 1913
-791 -1609 -2546 -2152 -1683 -342 -745 -1224 -318 -764
7178 -1747 717 -59 -6423 -1132 1197 9881 1515 1413
820 714 1548 -1332 -1628 -1279 808 -1087 -1806 -1944
10656 -1390 -1439 -5269 4255 -665 490 -6 2898 -1588
3245 1754 250 3540 -2842 7369 22 -682 1838 45
-8456 2478 -3384 -2256 456 -11124 1840 -6144 4360 577
8971 4969 -2377 498 -10749 11981 -1013 -10681 2010 941
7590 -2593 1501 -3790 -9865 -550 2865 2965 -9572 1031
1223 -3999 1240 -6506 7732 1784 -2535 -1062 7233 -1885
3447 12911 2919 -1416 429 -7623 -375 -10239 8870 -409
5987 -5154 -1486 7692 604 7736 78 9142 -14738 144
893 -3488 -1810 -2429 -983 1642 -2568 -384 -2314 407
-7003 3673 1918 9724 -3751 -3398 2717 -5223 4720 267
-1956 -1706 -1626 -6593 -1227 8534 -896 4019 -911 -976
-917 -1590 -242 -277 -2420 -264 1412 -3177 995 1831
-1950 275 2349 -2528 827 -1610 -2186 -571 273 2567
-3593 11203 3892 -332 -2841 -6922 -385 -5312 1112 2695
-4520 -5276 -920 -11046 -5444 2224 -492 3330 -4673 -2485
-705 -2283 1163 -2660 -1704 -268 2626 -664 -276 -2659
182 10684 -713 1387 13078 9900 -430 -1541 3623 1699
2498 -2682 -3342 -1186 -2739 -504 -880 2316 -1134 -2275
2435 -926 -5179 -2288 -3543 1170 -10 2545 -1485 -3418
-582 -2329 -741 2535 -103 2986 1276 1022 -2943 -1251
4 -3063 -13155 1036 -9937 8245 -7627 940 -3823 -6319
902 6319 -13533 -793 7031 813 -7005 -180 -12609 -3077
468 8906 -8133 -741 -4513 5 272 148 -259 1832
2519 12575 -419 524 12746 -1025 -4950 -1462 -529 5725
2472 -11568 -1408 -669 -692 6616 2505 843 8066 -5920
1345 4969 -1733 -252 -7683 -9058 1348 -761 -770 4019
-2734 617 -3423 131 1773 -4599 2109 -1143 -7446 2188
-19 -10277 -3021 -2024 3221 -6808 -7438 1439 -7423 -5072
-2938 -4202 2157 -847 -2981 -5237 -286 1159 5157 -3430
-528 1101 111 -311 4594 8113 11136 -944 6261 -588
-1674 -3334 -666 -2507 803 -1948 9427 -1117 3474 -5118
-1165 -8128 -4013 2119 -2117 -18681 7611 1136 -5989 10350
1093 513 4729 1602 -1061 3990 1817 -2733 -10249 -2160
-2422 -8013 8689 2976 -6129 -1519 -9742 913 4856 1373
130 2041 -3004 -2292 -911 1172 -3683 -264 -3440 1349
-235 3591 -359 1044 2327 -1904 -2453 1074 -2074 -3352
-1670 10174 -272 3322 -1131 17957 6751 1983 8249 -6897
2719 2097 1047 -1824 5049 10820 3400 -2385 6558 2753
-2374 4515 -3292 769 -2922 -4452 6787 2195 7735 2342
3260 7163 4057 1332 8439 10635 896 153 1956 -940
-1615 10624 981 2448 4041 5982 2859 -1214 456 -1315
2790 5765 -357 -2329 2557 7787 1221 -1287 1311 907
1484 -802 -849 2076 -1655 -1334 -1305 -30 375 -1439
-2859 -15941 1400 1599 1322 17489 2339 625 -22335 -13327
-2099 2247 -6969 -1979 13751 -218 -2749 1090 -2178 5692
586 -8416 -4124 -897 -3797 -19783 3500 2408 8470 7688
-2039 12322 1280 2081 4652 6847 -1988 71 11183 930
1369 5716 -8549 580 5291 9818 -2070 853 921 7433
-2512 -20388 -8942 -4768 1631 3161 2585 2385 -431 2596
529 -8057 -5556 -1538 -3739 2545 9042 -38 6962 -146
2463 13827 -1498 -2803 1448 -8613 5116 1350 -6074 8099
-2594 -1497 -6250 2296 -15820 -4421 9323 1000 3564 -1853
-1756 17719 -3199 2239 -3391 5189 3646 -1887 4133 -2976
471 3912 1698 -2782 -3613 -1944 4054 847 349 7782
145 813 844 -1454 9060 -21497 1607 41 -12829 -659
-865 10827 4690 2667 9443 7916 5417 -2490 10019 6386
-695 -1836 -7849 435 8049 7465 2921 2541 -4802 -11591
-483 2091 11333 887 -8229 -3903 153 -1093 -1200 2301
-2037 1117 -2506 2009 17607 -6544 -619 -1276 -5594 1426
2455 10509 -1304 -702 12912 -11046 -2923 -1637 6502 2565
-1582 4617 -2349 -398 4542 1269 11910 2089 -2299 1204
-1174 -1882 -5884 33 -11192 10470 -10396 -1408 1115 212
-997 -1366 -983 3913 -6794 -13315 -5238 1100 -13634 -983
-2490 -12451 251 -1970 -4350 3359 -2358 -438 -3449 -3307
-1907 10910 11835 -921 2726 1895 -6646 2030 -5175 4439
-2198 7218 -5538 737 3596 25764 2094 2524 2479 7359
120 1065 1077 -2329 -1798 93 -9 -2460 1417 -4472
790 -968 4656 1057 515 -1013 8013 -245 1532 -3920
-1637 -7902 -10639 -305 4906 -7149 2007 574 3623 9958
-3058 -9359 -13295 1836 -5152 -1412 -9429 1852 -6239 6073
-2755 -2695 4930 -1028 -13740 4364 13035 337 5184 -2042
823 15182 -8589 2687 4454 5556 3665 879 -10858 -3990
1734 571 1189 1246 -3524 2047 -2610 688 -788 -2001
2334 -7458 3367 4298 -9518 5172 5477 -1464 -11610 -9388
1626 -3801 5626 794 12276 -8624 -5576 -1903 2037 706
2095 1893 -9902 593 9323 6266 2140 2146 3104 -17290
-796 -9309 -987 2186 -9116 6470 3664 -874 2127 10804
1398 9186 -1043 997 -3031 6286 -3104 -839 6932 4290
-337 7560 9859 -1771 -4727 5756 7275 -1379 6341 -921
-1768 3336 -4470 2891 13828 6916 -2023 -1483 -4094 -3139
-2499 -4730 9555 1817 -3913 -7662 1221 289 -2139 2350
2283 -2515 308 730 -2355 1840 436 2514 -108 -2529
-1451 12597 -6692 -1680 4559 4615 891 403 -6976 -1020
1905 -2290 -1642 79 -818 2235 -323 849 -3050 1141
485 9843 -7227 1688 3219 1167 -2600 -1784 3261 3958
2638 10194 -4576 3143 -6189 15808 14626 522 -2773 8768
-2002 12171 3913 -1057 9400 -11324 5594 -2443 4593 6420
1546 -9222 4256 -3827 -6014 6282 -4076 -3093 -13596 1442
78 -3745 -6866 -1276 2806 -872 -10536 -2240 -4416 -8870
-1637 -4218 -9825 160 4748 1737 -5844 2417 -8457 -3404
1206 97 1678 -1523 9207 1492 6713 -2714 2408 8417
935 6210 -9960 1044 2771 -14640 4686 152 -5833 2533
2212 -1857 -2078 1069 -2787 -1752 -2774 101 -3741 -3639
2442 -1970 2493 1604 -2182 7992 -19086 -417 2639 -5438
-990 1689 1922 -44 10044 -237 -5430 -1588 -6273 -967
-44 -2403 -1742 -267 -3299 -91 156 -435 -1604 -4180
1336 2166 -3207 2227 -106 -2724 -2540 -1451 -3806 -4529
1289 -20811 2892 -23 -7079 6878 -1820 -802 -625 -2454
-1362 30077 -1771 -47 6397 6705 -4871 68 3775 -8638
233 -13 1113 -2487 -90 -1695 1821 -2944 209 -4184
9634 -1391 8807 3601 5024 2593 1055 -2012 3762 -10132
-1738 1500 -2873 -2622 -2755 -3432 -3723 -3144 -3122 -2198
-2867 1010 -75 1230 -1470 -2649 -255 -4843 -2445 -1013
2157 2522 -2245 -2456 -67 -1587 -422 270 -1757 1690
-9225 1383 -2927 -70 4508 -1645 1792 7114 -1795 -8726
-129 1371 12619 -939 1667 -776 6343 -1967 -18750 -8161
768 -406 870 3306 -1421 -10513 3953 -1817 -171 -2926
-600 1156 -4547 -2917 11303 -4130 -2333 -3661 -14921 3300
-4169 1982 -4862 -1037 839 7569 7624 -7683 -6760 11832
-3944 1011 3562 300 2462 665 -6936 -3138 8358 -132
5277 -413 -11544 1035 -998 -7936 7312 -1597 1688 428
3933 -2620 12266 -1105 -22356 -2875 -832 -14792 -2519 4025
5841 -1559 1093 612 1547 8268 -7257 4718 5506 -4463
1666 741 4243 46 12472 9708 -1579 -15493 -4554 -649
-12253 839 -4841 478 14669 -5288 -2712 5276 3478 13837
-8925 -1029 -3427 -351 4556 -6432 16023 -4013 -14731 -10175
6270 -620 -8399 -1784 3009 -10323 -9111 -8515 -3975 -2967
-4825 -1001 7022 908 -4106 12533 -8073 -3476 -2788 5952
-6 1814 -1631 -1202 -3018 1931 2508 -2715 -2178 598
1274 679 -1371 1710 1180 1028 1233 385 -3630 1036
733 3145 3239 -1923 1631 10034 -12693 1034 -6001 -4690
-8517 -1570 3792 -1449 7467 5092 -876 13298 -7672 463
-6873 -198 -9725 -1266 3244 -6370 5172 -584 6794 7483
5048 2548 116 1476 2432 -9821 -1838 8082 -8932 1753
-4869 648 5908 -408 -1289 685 6049 2121 -10844 -2987
4724 611 8434 2627 994 -1931 -13114 11090 -6111 -3534
-2517 542 -3099 1177 -1373 -3704 -4791 -2161 -3242 1295
3153 1578 4846 2807 2151 317 -2608 5990 5874 -3418
12764 -2040 5593 3603 -16006 2607 -10598 2299 2423 -4941
-14737 -1442 -17556 -2929 -13519 -5025 4518 8480 -8138 -1568
7452 -2674 -19589 -2058 -5322 7828 -1159 8107 -8914 5496
359 813 3283 484 5312 -1783 1037 1346 -4722 -3310
1691 -241 7764 48 1509 698 -1555 6117 9382 6231
-10120 -2322 8234 -2215 3327 7460 9080 3612 -825 -574
-4063 -848 -5508 -567 2120 -2089 6983 4631 -9809 11230
-7650 1703 -16082 2812 11088 -2077 7460 12258 -13791 -4686
5828 1989 3122 -415 4880 2897 -3906 -10373 5207 -10770
682 -2822 -3703 -1777 6750 11981 5494 -15481 822 -3639
14604 -20 -74 1259 1400 -5333 5399 -8161 3801 -2121
15425 527 2161 -635 6925 8973 894 -13947 -6864 -1791
1270 1799 2557 1732 -3185 -866 -11948 14568 -2199 232
-14347 -991 -9711 44 1884 -3388 3266 -498 -9901 -7793
8789 1276 8593 -446 -12485 -3814 863 -3702 1045 -851
-1471 2925 5492 -251 -3948 4844 -2377 -9043 -4838 -4544
5563 2186 -5091 2505 -322 -12661 -999 620 3100 9595
-5789 2330 -2283 113 -3570 7750 -1362 -240 -5150 2632
2440 -1288 -3829 2835 3584 -5104 -945 6135 4673 -6715
-8886 -1465 7829 3967 -5298 -4567 -2330 -2227 2939 2127
-845 2197 -4225 825 7104 6884 -3457 4538 957 649
7387 1512 8096 764 -978 4992 480 2452 -899 -5382
-1591 1100 -1558 -2649 -3481 -1812 -2402 -1085 212 115
3839 2518 -7720 -1521 -3415 -11603 -2656 -8629 -3549 -3223
-2781 -726 288 -1637 -2953 -2471 7793 -3019 -2258 4010
-19299 -1702 4524 -334 324 -3 -3563 -1563 8646 -1793
-6850 1279 -24680 -441 3577 2293 1531 -5922 2000 -2675
152 -818 1575 153 2935 7383 3778 -3089 -13025 -20844
-700 -1368 -1822 458 -2745 -2827 -807 600 805 -2951
3268 2210 7187 2070 -10448 -14597 3050 -6803 6249 -271
4013 1214 4232 1140 6594 -13125 106 9243 1409 4913
13730 1043 12480 1735 -6193 9395 -12475 -5068 -4674 -1625
-11224 -2025 -6148 384 -5412 1970 -2409 -4598 3584 5614
942 -1849 -1247 -2007 305 866 -4081 -4705 902 1978
-1888 -2924 -1036 -1271 510 5840 -10601 -8011 2977 -1751
1517 -108 9050 713 4214 16068 -10659 1974 -13608 4472
-2941 692 -8906 2353 8903 4594 -3587 6311 1902 3425
-4660 1006 -3221 55 -385 -1418 517 513 -335 -1459
-4574 1029 9804 496 -1439 -3203 2136 6625 -11648 4423
-305 -3026 -1722 1600 -3254 -2487 -1017 -642 -4214 -2697
7579 -2423 4234 3123 7845 13551 1277 -4631 1366 -5887
-8049 2526 -3335 3513 11294 -3997 5379 -13132 -5559 -4125
2921 1490 -2006 -1487 979 -18647 6028 499 1271 2075
10567 1025 -3160 -1273 -7439 5141 -3009 5898 -3302 -5499
8086 1329 4163 1757 -6165 8035 -3261 -1783 -2396 -264
5451 -348 -1859 239 -15869 1828 -10449 -5932 4632 -2863
13727 -1774 -3528 -2030 5583 3109 -1523 5537 -2124 -818
3103 -1953 935 -2660 1214 1788 -2423 4093 127 3507
-3466 -2659 870 1638 -4139 -3762 -1073 1740 -1476 -2896
-5984 -2155 2658 266 -10028 -410 -14645 -10080 -670 -142
8190 -131 -4783 3987 3232 6307 1187 -548 12049 -10055
-1843 -2207 -1277 -1334 -177 -2022 -377 -2966 -2823 -953
-1379 -587 -2664 -2982 723 -603 -3867 -291 -2510 -734
-15970 1528 -8747 650 -3042 -2036 -13319 -5786 -263 -5382
7106 1624 863 -1152 -7885 2500 768 -6438 -3658 -1524
-590 -234 -1341 -2727 1490 -683 -1121 -2466 -691 -1623
-2772 1290 2061 -8941 2013 -2827 -3699 -2760 8211 -2689
-1431 -1129 2284 -967 -1429 -2183 -1176 -2817 -3066 -3748
1797 1681 2922 -4307 818 -3937 -5216 1446 1032 329
-1636 -1196 -114 -24 169 -1799 -2667 -1128 -411 -3337
3511 -23 -322 5494 -1434 11601 3135 2363 -6122 15
-584 -793 3055 6605 -2964 -4600 1507 2574 -4074 -9597
462 1855 894 6840 127 -888 -4835 -997 -10948 5596
-3349 -1262 250 -1300 160 -1660 2695 -2133 2736 -7445
-792 -1127 -2108 7732 1791 -523 869 -4782 -10886 476
728 -5152 -1719 -2356 0 2980 4627 3605 -5460 15167
2236 1074 2188 1978 -2085 -1099 -1711 3582 -9521 -14032
2048 611 -891 13976 1648 6590 -409 1992 6437 1720
2802 356 -741 2056 2416 -976 -4604 9500 8501 -9321
2851 -676 2678 8192 1006 -14136 -11015 -10086 -15632 -8619
769 -460 560 -221 -4095 6719 -6250 756 -12383 -6073
-1761 143 3398 7933 -993 436 -882 -7356 -8651 7308
-1339 1304 404 -8592 -2805 -7758 -3707 782 -5493 5366
2399 -1567 -273 1875 -1295 1360 10762 782 4503 -8980
764 -714 -2247 -1366 2751 -1177 802 -3093 2525 -1773
393 2120 1869 1274 2544 -4858 888 -1478 2156 739
1165 -559 -918 -10054 -668 -18451 5791 -2481 -4195 3007
-2068 2000 2725 5853 -2201 -5583 -2062 221 -2494 -5492
-544 -1003 -2070 -4727 -3209 -4652 -307 -8099 -6344 2924
760 816 -1002 -218 858 -3641 10 7048 -2426 -5510
702 -2129 -326 -1765 705 -1729 -1264 -2625 -3772 -3004
-1954 -1013 -854 -11833 -97 -11603 -1485 1628 1444 -3633
816 2745 -213 -556 -1861 3003 72 -1786 -877 -2963
-637 -1556 2454 -2898 2349 3568 -5913 4086 -6357 1591
283 2038 -3609 6899 320 1480 4554 4224 2400 5853
-1945 -1700 966 6747 2138 10895 -3527 2810 -4 -3068
2017 711 1165 2895 1346 4985 526 -1665 -9395 -3255
-2218 204 424 2335 1159 1126 -6531 -3264 7372 8781
3204 -1862 483 -5300 -2758 -2856 -1561 2050 -7268 13445
373 -2322 2961 -3145 1705 -10635 11669 10505 3302 -3582
-1575 2495 -746 -2135 -2814 4151 9986 -1980 -7927 2751
-2882 -1277 1405 -26180 -319 7691 -7164 -3254 -3428 -503
-1795 -194 2748 -9255 -1449 -14670 5481 -4466 -5165 -3326
-3286 -2408 1212 4548 3561 1693 -880 -2433 -12420 -5530
616 -1466 99 3426 -2996 -1823 3093 -3888 799 993
58 2846 -2101 -2154 357 -10805 1684 -9139 -10123 761
-1429 -3049 -1220 -32254 1609 -409 10327 5940 4866 -1143
-718 203 -221 -2532 -1469 -494 8237 -420 9888 48
-2394 -42 1780 6481 1981 4696 -4996 2022 -1464 2103
-1051 -58 1892 10380 1955 -1709 -6993 -657 -4706 568
-321 -2035 -1570 458 2172 3907 -9942 -2564 -3255 1333
-1729 1857 -1180 1118 468 -3883 1282 10665 -3964 -6408
1401 -181 -7 956 -2814 3955 3437 5535 745 -3048
328 -2491 1383 -2511 -206 542 10165 11355 -2584 115
-2262 2726 -1083 -7211 -3056 6642 8352 -2852 5827 14962
-162 -372 2379 4582 2507 -11725 -9915 -4208 -11299 8661
2871 2326 2736 -724 1744 -2157 -3247 -2136 -110 -1006
-1432 -1812 -3294 2101 534 -7428 -11835 -5351 2680 -2332
-1367 2110 2234 6264 726 -10863 -13009 -2771 -5134 3692
-343 199 -565 3778 867 -7307 -1782 1026 -2693 -4659
-448 -1840 1880 6304 -418 11401 -3850 7214 -1213 -6782
-130 -1138 -2224 -5905 -555 1360 11421 -12119 -9699 -5276
332 848 793 627 2114 -604 534 2274 -2492 1065
380 2153 1040 621 -491 581 -9897 538 3582 6626
993 1370 1549 -2425 -773 6229 8315 6925 3189 1976
1506 -2720 1136 -8188 563 4267 1066 -68 13496 -9622
-1795 -1272 -2769 4721 -1000 2918 7610 -46 -4894 -466
-3063 513 -1065 -1918 -2624 -5400 -9443 -14848 10753 -4213
-760 775 -1609 -102 4694 403 -9959 12954 -2325 2884
316 -1210 74 6423 -2785 3907 -3495 -1112 10039 -1890
-850 -710 -698 3957 -3128 7710 5006 3124 6314 382
-524 2447 -2148 395 -2612 -2773 -5103 -2221 1237 -3070
2487 -1171 946 817 -420 -4622 7754 1872 -7796 4709
-332 -1441 -3136 2363 1856 -3190 352 -1653 1800 -893
-465 1382 -267 804 1662 -1471 1918 -11793 -8382 -29114
256 3074 -278 6847 3689 -6341 -11967 -12303 -10636 2285
2285 -2143 4345 -9751 1480 2229 200 -9045 6898 8829
-592 3654 -195 6169 518 9618 9044 569 1471 -3119
499 -365 -2394 -7113 1905 -287 4341 -2305 -2712 -11124
-464 -2221 4764 7197 4759 9941 -26 7392 -8138 3525
-839 -569 144 -6205 1072 2386 -6417 1722 -11086 -1267
1934 53 570 2996 -4413 -8692 -11737 -7471 6271 -11305
2571 -209 -575 -308 -210 -1195 -2913 -5277 1845 -3273
1031 -817 64 -5875 2545 625 5441 545 -6967 1746
403 -529 271 2372 -1199 -6665 2155 -1238 13263 -5641
-2241 2846 -511 947 -1019 -2105 -1376 1226 1436 -3434
2021 -2332 2637 686 -274 -3171 1073 1302 -3518 -264
3366 -291 -866 608 -63 60 4863 2265 -4865 11902
1582 -1343 -2537 5153 684 1776 -498 316 4744 -5700
975 2423 165 -3742 -1520 -608 -549 1521 -1862 536
-1658 -456 306 -437 -933 644 -2937 -5176 1223 5064
-378 -221 1777 1683 136 2408 -896 -227 183 -2124
2868 382 778 2093 -747 1432 -1540 -1938 -1369 1038
-2970 -2350 -1809 2862 -484 1145 -872 298 -1288 -1889
-527 -1490 -1029 -1348 706 -451 6093 -2400 3105 -3428
-1258 1310 -3320 -2410 1153 -1966 14628 9352 -4107 -4360
-2577 -1175 -775 -2516 1424 -2496 10065 -2015 -629 -1549
-2187 -2646 -607 -1490 -902 1855 -12314 -6411 9021 -14280
-106 2817 1721 -631 1019 -607 -1923 -6853 1568 4336
-2215 46 426 -146 -446 521 4847 -8603 -8728 -3134
478 577 3098 2439 -2328 1053 13291 -9264 -8404 -7259
-2367 741 -122 2627 1672 2574 2690 -9909 12085 1260
2331 -2129 -731 -2162 2741 1929 -726 12713 3613 2315
2854 4010 -535 -1153 2551 980 14666 11658 -22474 5492
388 1083 432 -2126 -1252 -1323 -16812 13461 -13850 5744
867 -2022 968 -301 -1377 -2474 7331 -11314 -8362 -2278
1987 2050 -3759 677 1518 -963 -11207 -6916 -4245 -6181
2878 -2750 -1718 2478 1325 -541 10694 10586 2109 -9215
-2892 2380 621 1484 658 1289 -1191 -1107 -2661 2420
1104 317 -2541 -366 489 -94 483 1877 -1887 -1356
-1520 -1838 -509 657 537 929 15227 7755 -21769 3259
-2196 -2382 1579 -2303 -211 2427 15461 4718 -1188 -854
-601 -1938 3474 -2055 1968 963 -4748 738 3366 759
-1518 -755 2653 3650 -2747 448 7771 1772 -1749 11338
2590 -1206 -2107 2231 1688 -1023 3275 3971 2271 -16296
747 -2645 -798 2928 -2425 -2536 -5015 6631 -2415 -687
-1770 -1934 1937 1004 -237 -2176 -3044 2877 -2624 -1906
2080 2925 2627 1741 -2067 -328 4728 1976 -11144 -3160
-2708 2018 -1772 2827 -1780 -77 -4748 9100 3289 4520
1326 796 42 572 2841 -1635 1740 -14708 9292 4323
-831 -898 590 -1467 -146 -3092 7151 -9175 -11456 -121
1910 3070 1604 -4279 -1046 -3189 10756 -12549 -9699 -7810
-1976 -952 3222 -2658 -2089 -2937 -8548 675 -18346 11233
1407 -1249 427 -1078 1445 -2075 1478 -1747 14430 -12824
1975 -2051 603 -1065 -1229 -413 16742 8199 -1646 12102
-950 -585 -1421 2972 86 -2847 17970 9973 10741 -1355
808 -1132 1604 1962 373 2576 -1178 9230 -6031 -4642
1801 -2575 1576 2236 -1224 -3160 -9778 -7158 -20169 -3302
-577 2354 -489 1449 1304 863 -8077 -7419 -6585 11821
-3006 -211 832 -1006 -518 853 -5266 4312 -415 8586
-130 876 -123 -2903 541 -2584 8618 11155 11354 -17688
-2017 3936 -402 -644 -2063 942 6725 12857 8173 -12262
-2459 -861 1434 1741 -2528 2283 -4450 6260 1870 -710
1459 -3408 -993 -594 -1344 117 -6444 -5178 2713 2470
-727 491 324 -2238 -1179 -2113 -6668 606 -3030 8207
-2782 1998 832 -1348 -143 106 21913 -5598 4129 985
-2338 2380 -2930 4451 189 1638 458 -6791 980 -6177
-663 -588 93 -1124 1723 -49 -6607 7104 -5739 -10988
-1094 -668 177 -1907 -1674 -2193 -4795 429 -763 1503
-1661 2409 539 -3397 2674 -611 704 -3954 570 -162
-1636 1427 -216 -1154 675 -2573 803 -2710 1792 -4340
-2898 -1567 -2260 -1297 -2778 -1779 -5818 -3429 4120 4073
-2964 -919 -1500 1584 8 1543 9106 -3984 1942 6664
-1014 -689 -1991 787 -2127 -1334 -1198 -7548 -4270 -6776
1802 -1678 -1222 -2159 -2334 1238 -561 -1370 4706 -4394
2116 2293 -2149 665 -171 1187 13954 13561 754 1688
-1611 2856 2512 1564 -234 1320 746 1281 -2711 160
-1297 -1818 1720 2115 3255 3196 8150 -726 10487 -7394
1097 1125 -1131 -1660 -1134 1407 -1907 -12723 -1695 -10461
1943 -2533 659 -2153 603 -340 18764 4325 2260 10158
-1829 -1647 -1365 2010 -2389 -2335 4570 -8171 -1032 -4623
-397 -1926 -612 -1729 996 -177 7196 11649 -9999 4790
-1114 1318 -1569 2071 1679 -1368 -10837 -8482 -9211 -4495
-854 3008 1700 197 1375 -2406 14605 8009 3403 -1570
-2151 -2185 -2372 -1265 2733 2995 -7219 -5827 -3543 7241
2228 -1355 -1681 879 1727 -1021 268 -1386 -1377 -3540
-1693 1898 487 2703 -1399 166 -2926 5060 -3246 3560
1040 -906 2265 -125 1130 -285 -1001 -2526 -805 -2392
-1300 -1435 -2536 585 2667 135 -17429 -9781 -25 9965
-959 -2868 742 -155 377 1962 8228 -7381 -6581 -2215
2653 3950 -821 603 -1261 2056 -1594 10132 5743 -863
-989 -3450 -2490 -3758 1061 441 -15599 5408 399 -8169
1104 -2198 1178 -1386 -68 -2271 -6086 -3021 -1845 -4553
-2083 1367 1309 3481 -1159 1566 2436 10829 318 -11617
-1805 -296 -195 -980 3208 -789 -5252 16820 6693 -2112
-696 -3271 49 -1120 1804 -1559 11160 13301 6958 -7579
1065 1841 -2377 -1502 1739 -522 -1246 -1265 -349 -1245
2640 1478 -94 3269 -2870 978 -7555 6647 -8357 8511
-1015 1004 -82 2201 -3612 -1601 3989 -10011 -5040 6464
-1909 2053 2543 1703 -2130 858 2837 1957 -3151 -2514
707 -544 -2343 -2713 -355 -2066 -2582 -1518 -486 -2763
-2545 1226 3318 2358 676 2783 -12026 -5175 -5427 -2239
-526 1226 1070 3168 -590 3064 -1174 12365 3765 -3734
1957 1114 218 879 -1136 -2239 -308 -300 -1519 113
1301 -12321 -847 12204 -21813 -1898 -480 -3054 -3278 1957
-387 -2789 2703 -1299 -514 -356 -924 1701 462 -2819
1334 -618 2379 -2074 -4058 -769 -4657 1450 -1859 158
1503 1064 2724 2482 1315 2175 636 2017 -881 -971
2499 -4036 -1437 7013 10076 289 -1116 1917 1950 3143
1697 8061 1255 -4320 -2494 2602 -6786 4124 1801 -2359
2299 340 -763 1259 -8064 -3054 -3223 -2469 2227 2004
-1869 867 1681 3666 5239 -1160 1812 -500 885 -2586
1758 8186 -1966 461 -713 -981 2259 2955 -254 807
1087 -6030 2074 1625 2923 828 1050 -474 -2961 -1654
-2511 -384 -2735 -10402 6095 3552 7062 -2650 -2110 1088
2269 -964 661 4711 10184 -541 -10375 -45 -216 1136
1685 -2609 3834 3200 -2426 -1719 211 767 -550 2048
-2348 -14096 -1420 3695 -3702 -1208 -5644 2187 396 3307
175 9556 -1819 4414 -9053 -2797 -1706 1634 -508 139
-1219 -4439 -2145 -2006 1954 -1159 4251 -810 -445 -1829
1859 3388 -2640 20375 -1693 -538 -9560 -131 2421 3748
1722 -1956 -470 2225 -2895 1748 -797 3143 -404 394
-1621 1917 857 -2044 -1417 -1031 -1957 1235 -157 877
-1529 -2153 1791 -3605 -3012 -679 -2607 -1982 -2618 1359
-2102 5884 -1781 1414 -18023 -939 3061 -1009 -3116 -1547
-2203 2187 -2758 -22767 9737 -1021 -3086 898 -1021 -3157
416 -14132 -817 -6059 447 -638 -9707 -1344 3172 -657
1397 -3179 1464 6503 -256 -672 -17586 -1200 2389 1512
-2142 3544 -2633 1802 13106 -1616 3158 1222 87 -3064
-2318 -5097 2357 -12801 3155 1345 -5964 275 -2720 -201
-2426 -3858 1246 -1388 -3538 -125 257 2780 2569 1364
-73 6031 1877 7658 -7391 -821 10228 -1716 -1448 925
-3267 -13947 -115 9397 -11259 -3250 -7207 -106 102 3086
296 -2987 -2877 -16987 -6942 -3057 6440 -1109 797 2428
-2920 -5812 -731 -5332 6216 2216 -703 1882 1165 -844
3012 -1177 -503 10094 7477 847 -939 607 -2639 1309
-2905 4587 535 2598 -6945 2776 702 3031 -511 1228
2013 7303 -2147 2524 6941 933 7810 507 1811 -653
-767 -1524 -1445 -5133 -3671 839 1411 -1137 2429 3026
-379 7275 2489 -3640 6438 839 5510 69 2555 -1379
497 -6196 2111 4529 -57 2083 -10858 -1775 -1002 -216
1096 4817 -1444 -1512 -696 1687 7849 1843 969 -404
-624 -6336 1906 -1458 3897 348 -171 1785 -2536 770
1830 -12195 -3022 -10001 -3379 2514 -11714 -2448 -82 816
1478 7073 560 -7728 -6133 -1507 3698 2362 2472 642
1661 2038 2058 956 11510 2252 3442 367 1736 654
45 -10448 1729 -1339 -9339 1020 7232 -2596 -661 -4091
2512 -471 4036 2783 8994 -432 -11111 479 -539 -1138
1261 4428 -418 -4227 -7637 1674 2404 -1446 -1070 1049
2768 6673 -1496 4670 10166 196 7418 2509 -2078 -855
753 2201 700 -2188 -5215 -1003 -7219 -2017 473 -2959
2036 139 1795 3405 584 -2703 6622 -949 1712 -1550
2947 -7314 1346 1388 -4467 -651 6158 852 -1676 -2008
-949 -2354 -1208 10355 5369 -1859 1382 2846 99 22
-535 -2790 -1404 1176 -1698 -11 -3024 2816 -2434 -699
1636 -4419 334 -7211 -6425 399 -4050 2946 -2414 2422
-1820 -22928 2087 6612 2844 -2262 -4180 -2883 2977 538
1715 -2218 -2583 3588 -2325 785 2533 -1130 -2250 -905
-2117 7191 2273 2700 2344 -3569 4932 -1609 1262 -1962
430 -7167 -1248 -5590 5221 766 -683 785 2978 2224
2483 -2855 613 485 516 -682 -1255 1894 1100 1374
-1022 -949 -138 4424 -9274 -1030 -6243 2508 3094 -2637
2000 -9197 2315 -8884 -8863 474 5050 -2005 2297 -3907
2866 8150 -2227 2308 1590 -1073 5334 1124 2319 -1968
-2125 4161 -1686 -7323 8520 -879 3112 -1644 -877 -551
1784 3147 -1072 -9351 11217 -2267 -9465 -784 599 1923
1730 -1433 2713 841 5339 -226 -1187 1960 -2462 -936
3118 6575 1446 1597 11180 795 -15638 -2440 100 547
-2014 199 2577 -11371 -14065 1383 1798 -1902 -2086 3550
-1911 -2975 503 -3918 -2723 -681 -990 2971 1976 -2635
2086 -3708 2462 -419 4964 2745 -2205 -405 -1929 -819
2533 -4059 2012 -887 1113 -356 -1132 432 1850 2160
-1105 -4805 -2222 -6956 4131 1185 7772 -1406 -2236 438
-2983 1670 1888 2946 799 -1596 -5261 3668 -992 2035
2725 -1248 19 -10515 -6151 535 -163 -68 -1207 1715
1149 1106 1132 -13618 -4501 1528 2069 -324 507 -892
2435 -8476 -431 222 3378 -3009 -10153 2167 -2453 2080
-1711 1070 -111 160 358 786 304 -2551 -1430 3071
1536 -9472 -2068 1004 8929 -1879 -3166 -590 623 3156
1662 4849 -2707 3988 -4906 -75 9139 584 2247 -1465
1509 -998 -1881 -266 -5002 2589 -4839 -1362 403 442
1860 13362 -2618 2589 -5251 1485 -674 -1886 2116 1191
-815 -7847 -1212 4124 -5074 1980 -4638 -1620 -226 939
864 -2155 2832 -511 -681 -1979 -237 -1586 2357 1773
-2559 -3048 2282 -296 30 921 -3729 2446 968 780
1952 2881 -180 9108 -1621 1379 2638 14 2100 2478
-748 7673 -2046 4214 13896 330 -2167 -898 -1532 2801
-164 1285 1865 990 951 2623 -781 1182 434 -969
2885 1124 5686 -1098 -5398 225 -1259 -4472 -848 1228
-390 2081 -1897 2718 318 -2406 2173 495 124 671
-2446 -1331 1409 175 1055 408 1075 -3945 1651 1946
-1249 2258 -86 1431 485 2793 -1321 348 -2554 2385
2530 1067 -2932 -29 3968 1915 -1253 1247 -317 181
-706 -1937 143 -2295 11451 917 270 -9221 -151 -450
1769 2306 9672 2066 8236 -472 -675 -70 2773 -530
-1881 1295 9101 -1800 4718 -922 -716 -12701 -2391 -1741
1368 -2370 -13465 2839 756 1108 1917 -2333 -573 -1773
1582 1650 351 -1789 8543 1119 -955 6423 183 -151
922 -1654 -3548 -1071 -5844 2624 1636 2354 1989 690
-2644 290 1567 -820 7003 1613 2587 3250 -1977 -2943
1164 -2845 1421 1836 9788 -722 -1671 -1047 -2250 -1887
-681 858 927 279 1510 1103 -347 -2835 -237 -2969
723 -2480 -3760 -2867 -2732 -60 -1500 183 -1933 -2826
-2839 3913 6712 2075 -2406 -3170 -932 -11808 -2435 952
-692 -2015 4845 1311 -1917 -456 1872 -1136 -2133 -2236
-2319 591 -3077 2391 13788 -1778 -1214 1657 1172 2297
-591 -948 108 1402 -1042 -1963 1780 1328 2013 1840
1716 -1158 -3127 -2068 -133 701 -1021 994 -428 1685
-965 2850 -8631 -959 1921 3311 -549 9996 1953 -2213
-45 -134 -4552 1854 1573 -1394 -4450 -8042 1892 2240
-1505 1480 -13474 752 2838 1128 1776 2695 1279 -1861
449 -1577 5383 2949 2340 -357 -1163 4785 -336 1622
1650 1580 4624 -1828 2491 2842 -1655 -6977 105 1905
-2126 1655 1348 2657 631 791 -2146 6706 2120 -2877
629 410 -1323 1678 1704 -2058 -437 -1886 -2802 2767
-210 -1586 2182 134 530 -1698 -1386 11398 -2471 -785
2172 -1825 3689 -1792 9661 1124 -1393 4594 -2509 1498
-1487 1684 -6014 -2009 -1880 1316 150 631 535 1433
-923 473 1457 -2284 -1355 86 380 -275 48 2055
-1947 -432 9877 -865 7004 2845 -285 8948 1782 -920
1618 2411 1348 250 274 -383 96 5473 -589 406
2659 -3519 1821 -122 4815 -3301 -1011 -4645 -821 -1960
2410 -401 13561 -738 6718 -1046 -677 -6501 -310 2005
-1425 1843 -12550 1514 -118 93 2196 3248 -492 2861
-2789 -1151 6866 -732 5471 684 768 -11162 3080 342
-54 1361 -12610 -39 2183 -1758 1631 2275 1074 -1109
-2087 -1383 -11135 2459 -1236 -1391 -771 1786 2303 -1971
1530 1673 -7157 2474 -741 -171 -1693 -9400 -2307 -142
-1611 -739 1796 -3791 1121 -1036 -1606 2513 970 -2411
-1899 -724 -9435 -3380 4368 -2074 -2907 9149 -2815 -1406
-1953 -335 13003 -1400 -12117 694 1817 -6990 -1375 -1482
-583 -2110 -8952 -993 5409 -1418 -880 -11153 -1343 1558
2689 -42 6229 -2585 -8341 682 -2560 16512 1363 -1760
2607 551 -6327 -831 -1940 1270 230 4610 6 2782
2043 2447 -6458 -2861 3947 -1664 -2732 -7372 -585 1691
-238 -106 4586 729 -2428 -1801 1146 9975 -2529 -747
-1876 -1062 -1902 2060 -3665 1430 411 -410 -2254 1667
843 1108 -4199 708 -5634 659 -4249 10116 787 581
162 -701 -154 -2765 -1547 1246 -375 319 -897 -130
-793 -1506 1056 307 -5806 -2794 -542 -3847 -1888 649
1845 -3221 -1810 1961 -4347 2153 1324 -85 874 -1325
1741 1414 -2347 1658 3407 -454 1453 8759 -3686 1304
-726 -827 255 -1416 -101 -2219 2630 -10654 74 1720
2149 -4101 11876 -1849 4493 -406 -1685 -123 -2866 -1506
2439 1035 -1395 -2653 -841 -1201 -2109 -872 -492 2556
1587 1293 4332 -1093 -11128 -2845 1658 9714 18 -81
-1220 -1298 -3984 605 -4007 -2645 -3794 -1087 1669 2740
1194 624 -3340 -2819 -1106 1611 -2470 7573 1822 -1413
1389 93 4668 909 -5055 2711 -819 -55 -3257 1685
-887 1095 7540 -1379 -1322 -576 -1463 -1060 -530 -833
2426 955 5123 -947 -9054 2382 1815 2864 2236 955
-815 -1119 13108 -2515 6555 458 -1612 -7142 2479 2018
823 -803 5554 2205 -723 -2144 -885 -3722 169 -1343
330 1505 867 1381 -834 -2739 1417 -1875 -667 -1328
71 230 3046 -113 3220 2541 -636 6045 1431 -510
1091 -548 -2037 1101 2034 1412 -2724 1226 1697 -131
2538 1511 -1917 -363 3980 1165 1363 -5203 536 -1685
-517 1311 5390 -452 -4949 -2284 2028 1599 -1854 920
-177 1367 10744 -2824 -2259 -2014 1336 -3942 -532 2043
988 1526 -4183 -1932 -931 -1717 1368 4815 -2790 2465
2262 -845 -3268 -1850 4510 -2302 -730 -4139 -865 1887
1711 -2190 -5526 1761 -3930 311 266 -7979 -2123 1893
594 -1451 -8285 1664 8999 -2643 -2269 -8606 1460 -2391
-2268 -1266 2729 3188 -945 1917 495 4299 2012 -2265
2671 2364 -72 -2571 1212 -1107 -827 -2714 1341 2845
721 -4030 4898 2915 4198 1238 -401 13426 -2606 -977
-2611 488 10724 3322 6592 -183 -1210 5285 1384 1591
-2215 -1083 544 -1484 1562 2471 -1717 -2080 1304 50
-3019 -494 -4081 1467 675 -1422 1252 1849 1986 -640
2392 3274 2260 -1044 6211 -2106 151 839 -745 -1842
-187 548 3466 -1934 4322 350 -2443 2369 -1281 2005
2452 -1466 -526 1589 1735 -1505 -2537 -1305 -110 -1148
1338
0
0
0
0
2690
0
1698
0
0
3180
178
1016
2628
0
886
1170
2052
0
0
0
1906
962
0
2266
1675
0
0
0
0
0
2681
0
2087
0
191
0
0
710
0
2188
0
0
0
0
868
0
288
0
512
0
205
0
0
0
4119
0
935
13
0
293
3071
0
1945
53
0
779
0
531
0
0
0
0
0
2515
3725
0
0
309
0
0
0
51
0
