3 84 36 5 17 13 0
-90796 570616 480684 -248520 -460217 -329081 -487314 -266290 512788 277472 398336 272889 407961 -307621 639916 -150650 -684050 732332 170546 -356698 -791852 16401 -427046 -113536 325743 -30377 -391646 -599040 156592 -506838 150555 78377 -86807 -533076 -215080 -638334
0 0 0 0 0 0 0 0 0 370 762 0 0 0 0 0 0 0 0 0 614 0 0 483 0 12 0 133 0 0 0 48 518 2669 0 2507 388 0 0 0 0 0 0 85 0 0 0 454 0 0 0 0 0 0 0 0 2114 0 1209 0 0 0 0 0 0 0 0 0 1717 0 638 989 0 0 0 0 0 0 0 0 3967 1464 0 2522
-782 -95 -244 -656 -1401
-1268 -274 -290 1047 -2055
1352 -233 -475 43 591
-1400 217 70 218 -972
727 109 -46 -1517 -2239
515 -169 -134 385 -595
-1677 -186 -80 -1783 -699
-622 -158 116 -438 -789
-2594 -315 42 -3310 111
646 372 4 -679 -1901
-1887 86 -213 116 -2651
-1969 276 -464 -1050 -2340
-690 41 28 695 -1494
-1876 -356 -298 1209 -754
-1598 -268 153 369 -2293
466 404 305 708 -1607
-982 135 22 -1460 -2129
-1379 154 124 -996 -2393
-1733 -397 222 1139 -1639
-978 274 348 -194 -1550
-2407 -76 -473 -292 646
10 121 29 634 -1195
620 50 -288 -1669 436
1667 77 -171 -2581 -2045
-524 -35 217 -1101 -1362
-1717 -183 177 532 691
-338 193 377 -903 502
-1799 -354 -472 -980 1264
838 209 -12 299 -185
-860 -160 263 -1186 -1740
531 -63 -421 -28 -749
580 -429 -251 -1452 -2297
-1174 -142 -263 -1436 -532
1577 237 -345 -1141 -2588
1260 -22 246 -2040 -2205
-775 149 -96 83 639
-1249 -230 47 -221 101
346 -1234 44 -266 -1648
-460 -1912 -491 1108 11
973 -664 -66 1808 -955
-1383 -98 180 -1020 -809
411 511 359 -742 -1101
-966 1896 -118 -380 495
-1052 -4062 -148 -808 -1062
1113 1218 -57 134 -211
-682 -375 -15 1022 198
-1082 -2487 51 -969 201
802 181 119 -418 -988
-41 265 -58 -226 -907
-1572 -377 -52 -1235 -419
1174 -335 26 -2853 412
1121 -598 220 -1464 2
-2359 789 74 -1029 195
-2349 844 -587 -1674 857
849 -1487 -425 -1502 480
244 -3246 58 -80 47
862 697 -487 100 -861
-1 -576 338 1190 -824
-1801 862 133 -2687 -79
-3420 124 142 -453 -1176
-804 -160 21 23 660
353 2355 -459 523 -611
-2078 -78 -318 885 170
2036 -1004 -257 492 -1466
173 622 226 -147 -73
305 -2735 276 -859 -3739
-2905 -57 94 -1649 1082
-673 -548 372 204 198
-4108 -1065 -572 356 1012
-113 -1576 -186 -1549 -711
-942 410 203 971 -931
-6 -2193 -143 77 -16
536 695 -330 601 -785
658 -1587 -94 -1197 -98
-205 -1400 -382 -1441 -236
-332 2023 217 525 811
-113 -223 179 779 391
1305 33 207 -184 347
1028 -430 -209 1050 -1168
71 -1092 -379 -1004 538
381 -61 50 872 990
-2473 -1898 -245 155 153
164 -1098 -135 -1077 -3060
1181 232 -111 -191 -1226
66 -1137 -467 -2338 -519
-798 -2718 -358 -2127 -2642
1533 1327 -281 -3 545
359 -620 304 53 -213
-215 -47 -358 178 -2956
13 -1732 -575 80 -5299
-1125 -2994 -368 -1308 101
-2819 -2176 -422 635 -525
939 -2966 45 -189 -2182
858 -3985 319 -613 -314
441 -7168 -340 769 -4453
97 -250 -574 -931 -157
212 -669 -533 -419 -744
-954 -1246 -353 453 -601
-504 1417 -524 -2796 -3689
418 -1990 -248 -1081 -2795
-1352 -821 -532 -939 450
-574 -4569 -237 -1876 276
-611 -749 -348 -1806 425
-3192 -3059 -330 664 -2214
-311 -1269 -207 564 -891
549 -3137 242 -531 1260
-893 -2754 -277 963 -43
337 -330 332 -2162 712
-182 -5713 -1656 -159 -222
-1976 -1995 -1222 787 615
-393 984 -510 -2659 -327
-310 -2145 -1141 -1054 -2028
-2463 -67 -760 -1079 -253
-2795 535 -700 -9644 139
3222 -150 -975 428 -518
1458 -257 -126 -5837 530
-1888 190 -2412 -6196 738
-2339 -1126 -2345 -2250 -2017
-2102 -1767 -805 -4022 -1049
-226 -1741 838 -4420 -2541
1062 -2611 20 -1521 -2315
-209 -2343 332 -4692 1124
-3392 -112 -692 -5427 -2890
-2795 -1664 -671 -4002 -1988
-1166 -961 384 -3459 -1262
-2957 -737 961 -2724 -776
-2236 -2379 -1725 1453 519
-3829 1091 -1267 19 -293
-2154 -950 1065 -1028 -551
-2311 -311 -210 -1869 555
470 1281 -745 -3598 -2081
-54 -1617 1123 -1075 276
-1171 973 -1567 -1246 -57
-1958 -1901 418 124 -506
-742 -2445 -1828 -1222 -1433
-862 -423 1588 -5582 -2818
-2744 -1611 104 -3438 -394
-811 286 -2318 -3519 -24
-1467 -490 -311 1097 1281
-841 -630 -768 -1022 1788
-317 -492 200 52 -352
-3392 -71 -238 -5446 1076
-3185 -630 -106 -1828 1061
-416 -933 459 -5766 -397
245 -477 -92 112 -692
-538 -666 254 1199 -1515
567 -1122 -1548 948 -262
1024 -251 -1401 445 -2166
-1232 -3232 -1854 787 -2242
-5 -431 17 -302 341
-1190 -1264 580 -714 296
681 992 -3616 -400 -1304
962 -1437 -756 327 -1696
-318 -2974 -2896 807 -2239
-1087 982 -3957 -1719 -785
999 -147 -1134 -1575 -802
1271 915 436 -589 -1312
176 2203 147 -783 477
-421 -3163 -125 2139 -578
-1638 1251 494 -2143 -2127
-2120 -409 -1707 -1947 203
-371 1382 -3028 -1328 -1586
-243 707 272 -298 137
527 -1175 -85 -260 555
-2690 -128 263 -1434 -2502
-735 423 -397 656 -3398
-2310 562 -3179 -1329 1643
-1603 217 1828 -2122 618
32 -526 256 -510 -528
-784 559 806 -1781 -1945
-1541 -3502 141 -1203 -1727
-498 -581 -235 248 -43
639 -885 327 -361 -345
386 1654 -651 -2315 -56
1056 -3026 385 780 -969
1384 -2 1137 -163 -2259
-2976 -610 -513 -643 1102
-1930 -540 -394 467 -2222
-1175 -1178 -1 699 -1118
77 -973 -1541 774 144
-563 -520 285 -3066 268
369 -343 -208 3 419
904 502 -9 1015 296
-2677 925 -2918 480 42
1025 -728 -2930 -1516 -104
-959 147 -2397 -199 -246
-3174 -1681 -508 611 36
549 1471 -2452 499 -91
-1376 -2304 1226 -487 -215
-55 92 -2123 -1932 -324
1177 436 -479 -793 -253
-2611 -554 15 -16 -133
-286 -2378 450 -193 342
-1962 617 497 -3243 -433
-3138 -386 1213 1679 88
-174 -443 -203 507 268
595 -1410 704 465 375
966 -187 -611 -512 -21
133 -489 -334 108 248
3 -797 -3357 -1505 280
-2186 -815 479 457 345
-389 -1129 435 897 289
415 169 1098 -507 -45
729 666 127 -731 105
-311 -943 350 -2934 143
330 396 -289 -1848 -315
1166 -1423 -2463 -943 -89
-323 156 159 834 -155
-1345 -2143 -1885 466 303
-36 -173 -423 22 223
-93 -947 127 1084 -444
364 -761 709 -1628 -438
-682 -83 -177 -1802 192
-411 1381 -16 877 -233
-542 174 125 -931 401
-1590 1376 -301 794 282
-1382 -700 292 822 -1874
-958 -1518 305 -956 370
-288 28 -466 -2067 -1775
-629 -982 24 -2085 -15
-718 849 -1572 -2403 -516
429 -691 -120 343 963
1121 -1491 255 164 464
-3388 -2198 701 -360 887
22 -1239 321 -894 -1104
-1159 -3167 943 -1101 -98
139 -1525 -2276 850 -2011
-387 479 -1069 -434 -2491
-995 810 -669 1074 315
-762 775 600 -374 -2348
176 -369 -2096 1650 -2241
-950 -1510 -2672 -287 826
-145 -28 1115 1229 -304
256 -2005 -3112 767 -3055
-1158 2488 489 -1408 357
-2408 1283 769 -3326 1258
1534 -1024 -1074 -583 -957
280 380 -1708 -1184 -500
311 1108 2019 -1017 -863
26 56 740 -114 -3000
-618 -491 25 636 -1333
-2126 -474 -1402 39 -1848
1058 -60 965 268 -2068
1099 -1072 -695 -1257 -2727
-377 -777 -230 439 762
-1039 -654 754 -1730 491
556 -16 33 -1505 -2438
-1069 -1537 -421 -2092 -1620
1485 399 -845 -1330 -62
1175 466 -957 -980 -2360
-30 -597 -1216 -951 -28
-351 519 441 -3311 -1586
913 461 -655 495 -1477
-920 -1293 -1848 -1292 -97
-126 -1925 675 -1331 193
-1676 -1258 195 -1778 -1679
-200 -857 938 692 1011
-994 -377 -345 438 -354
-1272 698 -3102 1044 1703
-1207 -1343 -282 -1603 597
-1656 -159 894 495 1209
325 -649 -611 1258 -1593
-1657 344 445 48 -2685
-2023 2315 282 -868 128
1112 -1203 -1213 -96 116
-1322 1549 -1191 -3312 -1281
-2552 389 -2828 2237 -264
-704 -127 -1538 23 871
-2180 508 -986 1100 869
-2256 -1622 357 -240 -1456
-1748 662 -1237 -1404 43
-3138 -208 -218 -1491 -2449
-2633 -905 213 -918 682
-191 -2783 -174 -842 459
-323 -786 -461 -1844 -3880
-242 -795 819 -1205 -1952
1108 436 -1017 -43 -2175
-2597 52 -1879 -2391 503
-2791 660 706 341 -413
-1926 806 404 -1316 36
-1844 -939 610 585 -151
-172 -324 131 985 -1079
788 -1795 99 175 -1537
-1070 -2460 3 -1955 -789
-589 676 1055 -1530 -702
-4306 -866 2078 -2531 824
-873 -2394 -618 -726 -155
-546 -1044 1007 -1993 -180
-385 -632 -386 -544 -791
-479 -15 -320 -517 673
-665 -1826 -276 -297 1142
-1268 -2906 -209 1817 -816
-851 -1246 -46 1175 -629
-918 -3384 92 828 -1908
-450 -2785 166 175 536
478 206 265 -1184 260
-588 -3010 -295 -370 -2841
-420 -836 -381 -591 231
-1044 -1402 121 -1030 -3853
-29 -5462 -275 693 -2631
-389 -7444 -247 -114 150
67 -2460 -333 -1953 -1290
-144 -2913 345 260 -2772
-539 -2964 293 555 -689
-1164 -6033 360 1573 -1258
-675 -3954 218 -295 1245
-749 -1601 130 -895 544
-960 -2741 -198 485 -687
-865 -3931 256 425 -282
-145 -683 127 142 326
274 -76 235 -2257 -3291
-1211 -2819 -139 -3433 -1280
-225 -210 -71 -741 -916
-336 -5139 -333 -2096 -1481
-188 -4177 -279 304 -627
-175 -3210 113 -1818 -2455
-775 -4431 -152 147 -2904
-820 -960 -431 -47 794
-860 -2071 205 -258 -1717
-190 299 341 -730 -4755
-383 -2950 180 -2294 1151
-781 -1143 77 -2747 -3368
-557 -1101 -187 1128 162
-1181 -255 -260 1329 1267
194 -181 -184 -2901 -1885
-237 -3173 289 -963 -1135
258 -925 -2454 1275 -1570
-723 -1611 -41 -2729 -1453
695 866 -927 -4484 225
-181 -107 385 1399 134
-1779 -2853 -905 -404 -1300
-479 328 -674 -3494 -116
-401 -148 -2489 -2474 -1646
738 1122 -547 -3547 -2772
830 656 -990 -1114 -1450
634 -1784 -304 -3012 -1304
741 -1085 774 -1387 -706
104 155 338 -1567 -1782
1552 1063 -1267 -66 -1357
-588 688 -2598 -1651 -2517
-1370 296 169 -3361 -1931
-1033 -510 -355 -5794 553
-431 -2471 29 550 -634
6 -1071 -544 -8200 910
-1074 -2041 1154 -2467 1300
-1033 1008 -1804 -366 -461
1021 -587 1653 2 359
56 -777 499 -3461 38
428 378 -274 -4755 -1918
-901 144 575 -1907 -1803
-1072 1283 1135 -1542 -3356
1285 -1445 -370 215 -4143
614 264 1137 -2841 -758
-1691 -355 -14 -2806 1104
115 -1007 945 -1172 511
-410 -3195 895 834 224
-3014 -1315 714 -688 57
-1334 -3122 -953 -2536 1750
-115 -262 -200 -5418 833
-430 663 -3143 -214 -674
1 -519 110 -953 -162
-125 973 -1819 95 786
-976 -1775 -123 -741 -1822
-359 -3650 -390 881 598
-1249 -126 -137 -1177 -1427
45 -1149 -1304 -17 366
-595 -504 -1661 -451 104
-276 -2733 -633 -2521 522
-756 -377 -406 1835 -1132
6 -419 1075 1112 -1018
-769 668 -1249 347 -3435
-560 -1521 -3297 1051 -1752
-382 -886 -548 -1332 248
-1016 -345 -2146 188 -2199
-86 -138 1335 100 -2064
-666 -696 -947 6 -1004
-783 -1620 -836 632 -2063
-672 -42 -880 -453 -3372
103 751 -4103 75 -1286
-1446 -77 -1155 235 -1839
-262 134 -2136 -1636 -2594
-603 980 -2944 -263 -1588
-237 -3191 564 -39 -1209
-1196 728 -879 -56 -3569
-235 -621 -516 -1102 369
-621 288 -718 -273 -2657
-581 -1073 1322 -1028 -1675
-373 145 825 -695 -2634
-121 -712 -1508 733 -899
-652 -1566 -4189 -1820 -1927
-941 -2179 579 13 -960
-450 -322 52 -2569 -3115
-411 -3340 535 -1911 -3769
-113 926 -2212 1759 -3991
-279 193 0 43 -2054
-381 -1650 -713 -709 -3142
-1018 961 -520 384 -6889
-1497 -549 -706 810 -2199
-954 1311 -2765 440 -2118
-2568 -540 578 967 -2436
-759 -365 780 -340 -1495
-1812 -1760 23 -876 -5441
-1610 -600 -495 841 -16665
-225 1052 727 -509 -2912
-1273 1114 -78 -1387 -1013
-762 768 1886 -2409 -609
-421 -414 -1776 -205 -1924
-2341 406 753 -1075 -4655
-184 -2543 -1134 1022 -8354
-661 47 672 -825 -3348
-1748 -2641 -2319 -792 -8905
-599 -688 -1937 -1146 -1966
-2213 -481 1003 1845 -1728
-2442 609 74 -3194 -3329
-3272 -495 165 699 -835
-1418 -769 -105 640 -902
-4081 -2577 -2692 -4119 -4076
-869 -3024 -1384 243 -1471
-821 -453 957 -1209 915
-1315 -972 -784 -1253 -1399
-2774 796 303 470 -7051
1112 -481 887 -2372 -970
-2145 969 879 754 -10336
-779 -299 -3088 -3257 -5204
-480 -1058 -313 -206 -3545
-310 -1033 -1054 -1937 -1538
-2361 326 -814 -446 -1809
-1259 -258 270 -1445 -353
-2150 -2172 -1077 351 861
-3054 -1583 -3293 -3143 -335
-1360 305 840 -6880 1915
-1012 -458 -2474 73 -1677
-1175 -1273 584 -330 -375
73 929 -1676 -701 1150
565 -1640 -1339 -1219 -2532
1351 -1056 -1474 -1307 -2452
870 849 894 336 462
-138 -2007 -2340 -158 -3566
413 -259 767 -1984 263
1044 682 -1997 158 -1160
-458 1422 -1963 271 -1222
633 -615 -2609 -1897 1007
895 -1790 1473 577 576
-720 269 676 -1584 -996
-1623 -4769 -875 -26 -402
368 109 1122 -557 -2868
-3812 16 -798 935 -1484
-2018 1286 -1525 596 1178
425 -2936 -1162 -2213 -1831
82 -2405 891 567 18
347 606 -1862 -726 1073
-787 -1737 1457 601 -5404
-88 -1694 -100 638 -1989
-236 -2252 969 353 -1737
684 -3852 1573 178 -1124
-735 -2488 841 1343 -368
-1246 -2912 575 -142 -704
-3606 792 705 -1766 336
-1880 -395 -211 -1120 -161
-1017 -1020 147 -351 -1350
1217 -2503 -2181 -1843 -2528
536 -124 -745 762 -261
584 -1303 292 900 -522
221 439 -1679 846 1435
-1528 -301 -85 1185 1504
-749 944 -937 1013 -1533
-771 -166 -1085 85 -111
-453 -451 -3947 -382 -3682
-862 -96 -3614 217 -78
85 -681 121 885 -2702
-579 1864 646 -1189 -286
-1358 -533 -918 -1186 -361
237 311 984 -2097 89
-5503 -284 -944 -1105 -30
-807 -1683 190 -4248 -842
-2318 1339 1399 1015 -167
-3345 885 458 -2144 347
-2355 720 -896 -1961 -249
-1990 113 1575 -83 1564
-6600 -1753 -2875 -2063 204
931 -555 -2298 -2908 -3243
-3002 1112 -2251 1014 -1457
-4348 39 -1821 -7561 -1005
-3903 541 2780 -4107 595
-1985 -2040 713 -5154 813
1126 -1076 1400 -1983 599
344 -823 -739 861 -3463
-1567 732 -1264 635 1415
-1035 -2478 -956 -1091 1391
-715 -1866 291 -371 855
399 -2233 -379 -830 32
1291 -632 -1074 1695 -1056
-1378 149 -1709 -98 -146
-1010 317 274 -339 497
-2781 -796 -2306 -2940 23
-2295 -1044 -822 -2852 999
-431 155 -11 174 -721
281 -251 2089 558 -1661
-833 -2105 -1733 -1598 -1652
-257 -766 -1160 -2382 -2561
1778 -2027 -852 -3320 144
-2549 -1006 -542 8 -18
-713 -46 -849 99 -492
-2583 246 -326 -1224 -328
461 763 190 -935 -260
420 -1356 -9 -3090 -98
715 225 422 -5172 129
-1372 392 -26 -52 210
-2867 -922 -241 161 108
520 -1144 -227 896 145
1401 -462 118 -1898 -93
-4488 86 -370 -1680 100
145 -9 -212 -1056 349
-1552 -3595 -248 1213 -120
-673 -1054 -541 -1068 160
-2128 -113 -372 -1050 59
1302 -949 41 -718 -212
-32 281 -241 -787 -282
1336 -377 -27 -35 -269
-1325 36 33 -285 387
337 -53 -309 -317 -29
-2800 471 -469 -4148 -366
67 -1633 -538 -2466 -134
59 1168 -583 897 -100
-1562 -1418 -71 -7096 295
859 -5413 49 -2367 -91
-1768 -588 79 -1035 140
550 -1278 20 -7115 311
103 557 55 -920 77
-3054 478 -367 -2323 -121
-113 -447 -579 -5346 284
-851 -1846 323 -1663 185
688 -579 -226 422 183
-1131 1402 -310 972 -346
-186 842 248 1587 -257
394 1067 -137 -535 113
248 -484 -1 -11068 -206
-483 -2416 -26 -4469 240
-1927 -571 131 -2243 17
-385 -540 -42 -8291 -28
-4602 106 -260 114 -461
-3409 342 -172 33 -40
187 -1537 36 -321 33
1180 -2093 -165 170 -5
105 -199 -104 -71 165
-1148 -1101 -391 188 115
345 -1281 34 -205 91
483 -19 -258 -677 -187
-892 199 -188 -74 -364
-3170 107 -294 82 -117
-3060 1612 125 -679 -321
-656 -285 -204 -291 -86
-694 587 91 186 -57
-1852 -1159 293 -341 -150
-3260 -1640 302 194 39
-3360 14 373 -167 315
-2274 -2573 125 -570 -168
-1479 828 39 -178 -283
-4074 -114 417 57 -469
-649 -4471 -385 -45 -400
-2027 1589 -205 -283 373
-1971 -2308 -295 22 56
-169 810 271 106 -380
-846 0 -484 -487 -373
-281 390 -318 -605 293
-4908 700 46 -550 -354
-1722 -2065 -223 195 -287
-4054 1494 -486 -568 -479
-184 -2058 224 213 -262
-1322 18 223 173 210
-2173 -1605 448 28 -167
-2450 -1001 -375 -526 9
1102 206 156 215 -119
-2281 764 -471 -372 -44
-1967 -61 -288 -457 -60
267 -2725 122 -363 -304
791 -116 -1886 598 0
-2061 -1735 -394 -2381 0
-320 -3027 -1267 -1123 0
1034 -2981 -1132 525 0
-1026 1713 -244 -637 0
294 -1620 9 -480 0
-959 347 -1962 -1294 0
-2309 -1960 567 -146 0
-21 -1654 -804 -115 0
77 3035 -409 -525 0
-1015 -246 -2115 413 0
395 -933 -2182 -223 0
-2791 395 -1219 680 0
689 -131 -1857 -324 0
-5866 -4059 -1623 -1892 0
-1730 1278 -267 -342 0
-1563 -2 -3404 -178 0
-2269 -1054 -1559 -2875 0
-2053 -1341 -716 -1922 0
135 -588 -487 -971 0
-3625 -1465 -145 -4000 0
-4641 190 -1481 -2024 0
-367 -2065 -1204 543 0
-1536 -1076 -698 243 0
741 -134 -2210 679 0
-1202 -1302 -928 1683 0
429 489 -1902 1259 0
-3091 -1697 -1702 599 0
654 -1375 -16 -1530 0
-1350 -34 -713 -53 0
-750 521 -990 -2835 0
-710 -651 -156 -2323 0
-64 663 -1219 -693 0
-4252 -2260 -1587 -2357 0
269 25 -392 -2512 0
-876 -3347 -190 -1902 0
1664
-2558
-1637
-1467
-2519
-1427
-2098
-2097
-1434
-1189
-1291
-1358
-1480
-226
-6551
-2890
-2227
-3797
-2889
-2521
-6417
-4991
-1570
-1463
1483
-2171
-555
-4232
-1220
-2018
-1517
-3086
-2245
-6370
-2741
-3495
