1 676 6 1 3 15
-17576592 103578016 -2876649 491829 -3086246 16967006
4056
0 0 0
0 0 0
0 0 0
0 0 0
0 0 0
0 0 0
0 0 0
0 0 0
0 0 0
0 0 0
0 0 0
0 0 0
0 0 0
0 0 0
0 0 0
0 0 0
0 0 0
0 0 0
0 0 0
0 0 0
0 0 0
0 0 0
0 0 0
0 0 0
0 0 0
0 0 0
0 0 0
0 0 0
0 0 0
0 0 0
0 0 0
0 0 0
0 0 0
0 0 0
0 0 0
0 0 0
0 0 0
0 0 0
0 0 0
0 0 0
0 0 0
0 0 0
0 0 0
0 0 0
0 0 0
0 0 0
0 0 0
0 0 0
0 0 0
0 0 0
0 0 0
0 0 0
0 0 0
0 0 0
0 0 0
0 0 0
0 0 0
0 0 0
0 0 0
0 0 0
0 0 0
0 0 0
0 0 0
0 0 0
0 0 0
0 0 0
0 0 0
0 0 0
0 0 0
0 0 0
0 0 0
0 0 0
0 0 0
0 0 0
0 0 0
0 0 0
0 0 0
0 0 0
0 0 0
0 0 0
0 0 0
0 0 0
0 0 0
0 0 0
0 0 0
0 0 0
0 0 0
0 0 0
0 0 0
0 0 0
0 0 0
0 0 0
0 0 0
0 0 0
0 0 0
0 0 0
2347380 0 0
-28203957 0 0
-30776760 0 0
15241203 0 0
-1631988 0 0
8243775 0 0
1356755 0 0
-76639759 0 0
-62981192 0 0
36860039 0 0
10330001 0 0
12014594 0 0
-40461402 0 0
-75068456 0 0
-19044648 0 0
35756599 0 0
20580462 0 0
-13206988 0 0
-58453176 0 0
-45404144 0 0
-1096480 0 0
27750876 0 0
-1703864 0 0
-14965072 0 0
0 0 0
0 0 0
0 0 0
0 0 0
0 0 0
0 0 0
0 0 0
0 0 0
0 0 0
0 0 0
0 0 0
0 0 0
0 0 0
0 0 0
0 0 0
0 0 0
0 0 0
0 0 0
0 0 0
0 0 0
0 0 0
0 0 0
0 0 0
0 0 0
0 0 0
0 0 0
0 0 0
0 0 0
0 0 0
0 0 0
0 0 0
0 0 0
0 0 0
0 0 0
0 0 0
0 0 0
0 0 0
0 0 0
0 0 0
0 0 0
0 0 0
0 0 0
0 0 0
0 0 0
0 0 0
0 0 0
0 0 0
0 0 0
0 0 0
0 0 0
0 0 0
0 0 0
0 0 0
0 0 0
0 0 0
0 0 0
0 0 0
0 0 0
0 0 0
0 0 0
0 0 0
0 0 0
0 0 0
0 0 0
0 0 0
0 0 0
0 0 0
0 0 0
0 0 0
0 0 0
0 0 0
0 0 0
0 0 0
0 0 0
0 0 0
0 0 0
0 0 0
0 0 0
0 0 0
0 0 0
0 0 0
0 0 0
0 0 0
0 0 0
0 0 0
0 0 0
0 0 0
0 0 0
0 0 0
0 0 0
0 0 0
0 0 0
0 0 0
0 0 0
0 0 0
0 0 0
0 0 0
0 0 0
0 0 0
0 0 0
0 0 0
0 0 0
0 0 0
0 0 0
0 0 0
0 0 0
0 0 0
0 0 0
0 0 0
0 0 0
0 0 0
0 0 0
0 0 0
0 0 0
0 0 0
0 0 0
0 0 0
0 0 0
0 0 0
0 0 0
0 0 0
0 0 0
0 0 0
0 0 0
0 0 0
0 0 0
323820 0 0
-3890723 0 0
-4245640 0 0
2102517 0 0
-225132 0 0
1137225 0 0
32006056 0 0
-129014496 0 0
-142662115 0 0
50260743 0 0
6763836 0 0
48056852 0 0
21068509 0 0
-251106490 0 0
-196828201 0 0
88647879 0 0
75013012 0 0
35942073 0 0
-178711711 0 0
-238441619 0 0
-25812718 0 0
130676073 0 0
70729798 0 0
-71152770 0 0
-156361774 0 0
-132005788 0 0
39353680 0 0
92979715 0 0
6786270 0 0
-45844868 0 0
0 0 0
0 0 0
0 0 0
0 0 0
0 0 0
0 0 0
0 0 0
0 0 0
0 0 0
0 0 0
0 0 0
0 0 0
0 0 0
0 0 0
0 0 0
0 0 0
0 0 0
0 0 0
0 0 0
0 0 0
0 0 0
0 0 0
0 0 0
0 0 0
0 0 0
0 0 0
0 0 0
0 0 0
0 0 0
0 0 0
0 0 0
0 0 0
0 0 0
0 0 0
0 0 0
0 0 0
0 0 0
0 0 0
0 0 0
0 0 0
0 0 0
0 0 0
0 0 0
0 0 0
0 0 0
0 0 0
0 0 0
0 0 0
0 0 0
0 0 0
0 0 0
0 0 0
0 0 0
0 0 0
0 0 0
0 0 0
0 0 0
0 0 0
0 0 0
0 0 0
0 0 0
0 0 0
0 0 0
0 0 0
0 0 0
0 0 0
0 0 0
0 0 0
0 0 0
0 0 0
0 0 0
0 0 0
0 0 0
0 0 0
0 0 0
0 0 0
0 0 0
0 0 0
0 0 0
0 0 0
0 0 0
0 0 0
0 0 0
0 0 0
0 0 0
0 0 0
0 0 0
0 0 0
0 0 0
0 0 0
0 0 0
0 0 0
0 0 0
0 0 0
0 0 0
0 0 0
0 0 0
0 0 0
0 0 0
0 0 0
0 0 0
0 0 0
0 0 0
0 0 0
0 0 0
0 0 0
0 0 0
0 0 0
0 0 0
0 0 0
0 0 0
0 0 0
0 0 0
0 0 0
0 0 0
0 0 0
0 0 0
0 0 0
0 0 0
0 0 0
0 0 0
0 0 0
0 0 0
0 0 0
0 0 0
0 0 0
3856741 0 0
-9765749 0 0
-11311837 0 0
2667478 0 0
1124851 0 0
4487206 0 0
107986787 0 0
-154967733 0 0
-195046948 0 0
-16475693 0 0
55869677 0 0
110474970 0 0
69415318 0 0
-239984408 0 0
-213176848 0 0
704106 0 0
161426437 0 0
62820260 0 0
-188447568 0 0
-249288916 0 0
86235110 0 0
164524361 0 0
118343855 0 0
-130657987 0 0
-141231480 0 0
-146798432 0 0
123118162 0 0
131131659 0 0
12267275 0 0
-90644120 0 0
0 0 0
0 0 0
0 0 0
0 0 0
0 0 0
0 0 0
0 0 0
0 0 0
0 0 0
0 0 0
0 0 0
0 0 0
0 0 0
0 0 0
0 0 0
0 0 0
0 0 0
0 0 0
0 0 0
0 0 0
0 0 0
0 0 0
0 0 0
0 0 0
0 0 0
0 0 0
0 0 0
0 0 0
0 0 0
0 0 0
0 0 0
0 0 0
0 0 0
0 0 0
0 0 0
0 0 0
0 0 0
0 0 0
0 0 0
0 0 0
0 0 0
0 0 0
0 0 0
0 0 0
0 0 0
0 0 0
0 0 0
0 0 0
0 0 0
0 0 0
0 0 0
0 0 0
0 0 0
0 0 0
0 0 0
0 0 0
0 0 0
0 0 0
0 0 0
0 0 0
0 0 0
0 0 0
0 0 0
0 0 0
0 0 0
0 0 0
0 0 0
0 0 0
0 0 0
0 0 0
0 0 0
0 0 0
0 0 0
0 0 0
0 0 0
0 0 0
0 0 0
0 0 0
0 0 0
0 0 0
0 0 0
0 0 0
0 0 0
0 0 0
0 0 0
0 0 0
0 0 0
0 0 0
0 0 0
0 0 0
0 0 0
0 0 0
0 0 0
0 0 0
0 0 0
0 0 0
0 0 0
0 0 0
0 0 0
0 0 0
0 0 0
0 0 0
0 0 0
0 0 0
0 0 0
0 0 0
0 0 0
0 0 0
0 0 0
0 0 0
0 0 0
0 0 0
0 0 0
0 0 0
0 0 0
0 0 0
0 0 0
0 0 0
0 0 0
0 0 0
0 0 0
0 0 0
0 0 0
0 0 0
0 0 0
0 0 0
10417202 0 0
-33081775 0 0
-39211959 0 0
9208109 0 0
3000185 0 0
16188123 0 0
137591816 0 0
-190788177 0 0
-257443653 0 0
-75126596 0 0
100379360 0 0
182763331 0 0
102068819 0 0
-239884205 0 0
-174475053 0 0
-72467716 0 0
236456046 0 0
99999999 0 0
-155238986 0 0
-248296137 0 0
167618204 0 0
175286474 0 0
113802781 0 0
-199999371 0 0
-92732674 0 0
-125041742 0 0
151796001 0 0
133505251 0 0
-6149231 0 0
-140511783 0 0
0 0 0
0 0 0
0 0 0
0 0 0
0 0 0
0 0 0
0 0 0
0 0 0
0 0 0
0 0 0
0 0 0
0 0 0
0 0 0
0 0 0
0 0 0
0 0 0
0 0 0
0 0 0
0 0 0
0 0 0
0 0 0
0 0 0
0 0 0
0 0 0
0 0 0
0 0 0
0 0 0
0 0 0
0 0 0
0 0 0
0 0 0
0 0 0
0 0 0
0 0 0
0 0 0
0 0 0
0 0 0
0 0 0
0 0 0
0 0 0
0 0 0
0 0 0
0 0 0
0 0 0
0 0 0
0 0 0
0 0 0
0 0 0
0 0 0
0 0 0
0 0 0
0 0 0
0 0 0
0 0 0
0 0 0
0 0 0
0 0 0
0 0 0
0 0 0
0 0 0
0 0 0
0 0 0
0 0 0
0 0 0
0 0 0
0 0 0
0 0 0
0 0 0
0 0 0
0 0 0
0 0 0
0 0 0
0 0 0
0 0 0
0 0 0
0 0 0
0 0 0
0 0 0
0 0 0
0 0 0
0 0 0
0 0 0
0 0 0
0 0 0
0 0 0
0 0 0
0 0 0
0 0 0
0 0 0
0 0 0
0 0 0
0 0 0
0 0 0
0 0 0
0 0 0
0 0 0
0 0 0
0 0 0
0 0 0
0 0 0
0 0 0
0 0 0
0 0 0
0 0 0
0 0 0
0 0 0
0 0 0
0 0 0
0 0 0
0 0 0
0 0 0
0 0 0
0 0 0
0 0 0
0 0 0
0 0 0
0 0 0
0 0 0
0 0 0
0 0 0
567000 0 0
-6812550 0 0
-7434000 0 0
3681450 0 0
-394200 0 0
1991250 0 0
34963767 0 0
-103820565 0 0
-117520399 0 0
26675694 0 0
14329743 0 0
48022276 0 0
172889699 0 0
-290376717 0 0
-336192357 0 0
-80993823 0 0
165015158 0 0
214002874 0 0
16161548 0 0
-322064370 0 0
-162221187 0 0
-22009164 0 0
276195688 0 0
50631474 0 0
-196320275 0 0
-297424986 0 0
229462245 0 0
224797365 0 0
125894529 0 0
-231072257 0 0
-93946128 0 0
-126861570 0 0
154829411 0 0
135603351 0 0
-5713136 0 0
-141989311 0 0
0 0 0
0 0 0
0 0 0
0 0 0
0 0 0
0 0 0
0 0 0
0 0 0
0 0 0
0 0 0
0 0 0
0 0 0
0 0 0
0 0 0
0 0 0
0 0 0
0 0 0
0 0 0
0 0 0
0 0 0
0 0 0
0 0 0
0 0 0
0 0 0
0 0 0
0 0 0
0 0 0
0 0 0
0 0 0
0 0 0
0 0 0
0 0 0
0 0 0
0 0 0
0 0 0
0 0 0
0 0 0
0 0 0
0 0 0
0 0 0
0 0 0
0 0 0
0 0 0
0 0 0
0 0 0
0 0 0
0 0 0
0 0 0
0 0 0
0 0 0
0 0 0
0 0 0
0 0 0
0 0 0
0 0 0
0 0 0
0 0 0
0 0 0
0 0 0
0 0 0
0 0 0
0 0 0
0 0 0
0 0 0
0 0 0
0 0 0
0 0 0
0 0 0
0 0 0
0 0 0
0 0 0
0 0 0
0 0 0
0 0 0
0 0 0
0 0 0
0 0 0
0 0 0
0 0 0
0 0 0
0 0 0
0 0 0
0 0 0
0 0 0
0 0 0
0 0 0
0 0 0
0 0 0
0 0 0
0 0 0
0 0 0
0 0 0
0 0 0
0 0 0
0 0 0
0 0 0
0 0 0
0 0 0
0 0 0
0 0 0
0 0 0
0 0 0
0 0 0
0 0 0
0 0 0
0 0 0
0 0 0
0 0 0
0 0 0
0 0 0
0 0 0
0 0 0
0 0 0
0 0 0
0 0 0
0 0 0
0 0 0
0 0 0
0 0 0
0 0 0
8472870 0 0
-37763353 0 0
-42355490 0 0
15837237 0 0
773898 0 0
13896825 0 0
91477831 0 0
-250042791 0 0
-277181395 0 0
44105993 0 0
55951166 0 0
120082142 0 0
155143993 0 0
-410083267 0 0
-386591519 0 0
-94008635 0 0
273007815 0 0
228933170 0 0
-90624245 0 0
-430935607 0 0
-78843615 0 0
50792022 0 0
313499311 0 0
-11369985 0 0
-179980274 0 0
-304735120 0 0
281456086 0 0
250090397 0 0
117093904 0 0
-284785062 0 0
-92040448 0 0
-126248896 0 0
156870624 0 0
136122496 0 0
-6234272 0 0
-144166176 0 0
0 0 0
0 0 0
0 0 0
0 0 0
0 0 0
0 0 0
0 0 0
0 0 0
0 0 0
0 0 0
0 0 0
0 0 0
0 0 0
0 0 0
0 0 0
0 0 0
0 0 0
0 0 0
0 0 0
0 0 0
0 0 0
0 0 0
0 0 0
0 0 0
0 0 0
0 0 0
0 0 0
0 0 0
0 0 0
0 0 0
0 0 0
0 0 0
0 0 0
0 0 0
0 0 0
0 0 0
0 0 0
0 0 0
0 0 0
0 0 0
0 0 0
0 0 0
0 0 0
0 0 0
0 0 0
0 0 0
0 0 0
0 0 0
0 0 0
0 0 0
0 0 0
0 0 0
0 0 0
0 0 0
0 0 0
0 0 0
0 0 0
0 0 0
0 0 0
0 0 0
0 0 0
0 0 0
0 0 0
0 0 0
0 0 0
0 0 0
0 0 0
0 0 0
0 0 0
0 0 0
0 0 0
0 0 0
0 0 0
0 0 0
0 0 0
0 0 0
0 0 0
0 0 0
0 0 0
0 0 0
0 0 0
0 0 0
0 0 0
0 0 0
0 0 0
0 0 0
0 0 0
0 0 0
0 0 0
0 0 0
0 0 0
0 0 0
0 0 0
0 0 0
0 0 0
0 0 0
0 0 0
0 0 0
0 0 0
0 0 0
0 0 0
0 0 0
0 0 0
0 0 0
0 0 0
0 0 0
0 0 0
0 0 0
0 0 0
0 0 0
0 0 0
0 0 0
0 0 0
0 0 0
0 0 0
0 0 0
0 0 0
0 0 0
0 0 0
0 0 0
34164041 0 0
-55008730 0 0
-68956487 0 0
685997 0 0
14397317 0 0
36164141 0 0
189109156 0 0
-258909856 0 0
-327361087 0 0
-73604194 0 0
140196859 0 0
201392286 0 0
161664521 0 0
-383815756 0 0
-338996211 0 0
-137159000 0 0
348427380 0 0
204703901 0 0
-70032258 0 0
-447511110 0 0
65232529 0 0
101000578 0 0
339363977 0 0
-76669722 0 0
-162781176 0 0
-302269700 0 0
311354888 0 0
259970601 0 0
114545035 0 0
-308040742 0 0
-91326720 0 0
-125908800 0 0
157251360 0 0
136125120 0 0
-6487200 0 0
-144831840 0 0
0 0 0
0 0 0
0 0 0
0 0 0
0 0 0
0 0 0
0 0 0
0 0 0
0 0 0
0 0 0
0 0 0
0 0 0
0 0 0
0 0 0
0 0 0
0 0 0
0 0 0
0 0 0
0 0 0
0 0 0
0 0 0
0 0 0
0 0 0
0 0 0
0 0 0
0 0 0
0 0 0
0 0 0
0 0 0
0 0 0
0 0 0
0 0 0
0 0 0
0 0 0
0 0 0
0 0 0
0 0 0
0 0 0
0 0 0
0 0 0
0 0 0
0 0 0
0 0 0
0 0 0
0 0 0
0 0 0
0 0 0
0 0 0
0 0 0
0 0 0
0 0 0
0 0 0
0 0 0
0 0 0
0 0 0
0 0 0
0 0 0
0 0 0
0 0 0
0 0 0
0 0 0
0 0 0
0 0 0
0 0 0
0 0 0
0 0 0
0 0 0
0 0 0
0 0 0
0 0 0
0 0 0
0 0 0
0 0 0
0 0 0
0 0 0
0 0 0
0 0 0
0 0 0
0 0 0
0 0 0
0 0 0
0 0 0
0 0 0
0 0 0
0 0 0
0 0 0
0 0 0
0 0 0
0 0 0
0 0 0
0 0 0
0 0 0
0 0 0
0 0 0
0 0 0
0 0 0
0 0 0
0 0 0
0 0 0
0 0 0
0 0 0
0 0 0
0 0 0
0 0 0
0 0 0
0 0 0
0 0 0
0 0 0
0 0 0
0 0 0
0 0 0
0 0 0
0 0 0
0 0 0
80640 0 0
-968896 0 0
-1057280 0 0
523584 0 0
-56064 0 0
283200 0 0
55946133 0 0
-117344009 0 0
-150845222 0 0
4107796 0 0
25551862 0 0
81074326 0 0
220564398 0 0
-276556301 0 0
-344529940 0 0
-167065816 0 0
223278447 0 0
270149695 0 0
164148585 0 0
-399723537 0 0
-262411489 0 0
-153508529 0 0
386315577 0 0
188734349 0 0
-1912896 0 0
-419593799 0 0
127451984 0 0
108017916 0 0
313917793 0 0
-160816183 0 0
-147132590 0 0
-293525286 0 0
319402417 0 0
259061673 0 0
109071237 0 0
-321018223 0 0
-90143360 0 0
-124994112 0 0
157291808 0 0
135571328 0 0
-6447648 0 0
-144531040 0 0
0 0 0
0 0 0
0 0 0
0 0 0
0 0 0
0 0 0
0 0 0
0 0 0
0 0 0
0 0 0
0 0 0
0 0 0
0 0 0
0 0 0
0 0 0
0 0 0
0 0 0
0 0 0
0 0 0
0 0 0
0 0 0
0 0 0
0 0 0
0 0 0
0 0 0
0 0 0
0 0 0
0 0 0
0 0 0
0 0 0
0 0 0
0 0 0
0 0 0
0 0 0
0 0 0
0 0 0
0 0 0
0 0 0
0 0 0
0 0 0
0 0 0
0 0 0
0 0 0
0 0 0
0 0 0
0 0 0
0 0 0
0 0 0
0 0 0
0 0 0
0 0 0
0 0 0
0 0 0
0 0 0
0 0 0
0 0 0
0 0 0
0 0 0
0 0 0
0 0 0
0 0 0
0 0 0
0 0 0
0 0 0
0 0 0
0 0 0
0 0 0
0 0 0
0 0 0
0 0 0
0 0 0
0 0 0
0 0 0
0 0 0
0 0 0
0 0 0
0 0 0
0 0 0
0 0 0
0 0 0
0 0 0
0 0 0
0 0 0
0 0 0
0 0 0
0 0 0
0 0 0
0 0 0
0 0 0
0 0 0
0 0 0
0 0 0
0 0 0
0 0 0
0 0 0
0 0 0
0 0 0
0 0 0
0 0 0
0 0 0
0 0 0
0 0 0
0 0 0
0 0 0
0 0 0
0 0 0
0 0 0
0 0 0
0 0 0
0 0 0
0 0 0
0 0 0
0 0 0
0 0 0
3369632 0 0
-31378648 0 0
-34404224 0 0
16306856 0 0
-1394848 0 0
9578312 0 0
123844576 0 0
-272349757 0 0
-316262745 0 0
23712737 0 0
68646847 0 0
155865455 0 0
177144786 0 0
-413165634 0 0
-400298745 0 0
-125473745 0 0
311191006 0 0
239828796 0 0
7619997 0 0
-462954619 0 0
-116041354 0 0
-87597593 0 0
411942194 0 0
101499483 0 0
-9475427 0 0
-271681319 0 0
275719377 0 0
46986279 0 0
290697059 0 0
-191668150 0 0
-50306911 0 0
-135940431 0 0
354913799 0 0
181644784 0 0
71145193 0 0
-291099797 0 0
19397686 0 0
-40101172 0 0
160134504 0 0
83912213 0 0
-3036250 0 0
-116579868 0 0
0 0 0
0 0 0
0 0 0
0 0 0
0 0 0
0 0 0
0 0 0
0 0 0
0 0 0
0 0 0
0 0 0
0 0 0
0 0 0
0 0 0
0 0 0
0 0 0
0 0 0
0 0 0
0 0 0
0 0 0
0 0 0
0 0 0
0 0 0
0 0 0
0 0 0
0 0 0
0 0 0
0 0 0
0 0 0
0 0 0
0 0 0
0 0 0
0 0 0
0 0 0
0 0 0
0 0 0
0 0 0
0 0 0
0 0 0
0 0 0
0 0 0
0 0 0
0 0 0
0 0 0
0 0 0
0 0 0
0 0 0
0 0 0
0 0 0
0 0 0
0 0 0
0 0 0
0 0 0
0 0 0
0 0 0
0 0 0
0 0 0
0 0 0
0 0 0
0 0 0
0 0 0
0 0 0
0 0 0
0 0 0
0 0 0
0 0 0
0 0 0
0 0 0
0 0 0
0 0 0
0 0 0
0 0 0
0 0 0
0 0 0
0 0 0
0 0 0
0 0 0
0 0 0
0 0 0
0 0 0
0 0 0
0 0 0
0 0 0
0 0 0
0 0 0
0 0 0
0 0 0
0 0 0
0 0 0
0 0 0
0 0 0
0 0 0
0 0 0
0 0 0
0 0 0
0 0 0
0 0 0
0 0 0
0 0 0
0 0 0
0 0 0
0 0 0
0 0 0
0 0 0
0 0 0
0 0 0
0 0 0
0 0 0
80640 0 0
-968896 0 0
-1057280 0 0
523584 0 0
-56064 0 0
283200 0 0
29277348 0 0
-59121663 0 0
-69449872 0 0
10238737 0 0
10868572 0 0
30680917 0 0
215383110 0 0
-281728113 0 0
-367216449 0 0
-101820744 0 0
157904182 0 0
241491421 0 0
170597715 0 0
-385418302 0 0
-339630960 0 0
-159549218 0 0
383066966 0 0
211263439 0 0
-20442666 0 0
-411894398 0 0
111929425 0 0
-23028339 0 0
399521222 0 0
-18170054 0 0
-40066441 0 0
-173530702 0 0
382911849 0 0
63270516 0 0
206797920 0 0
-228434899 0 0
53189212 0 0
-43627442 0 0
307709123 0 0
106658194 0 0
14918735 0 0
-224302118 0 0
75930312 0 0
24336792 0 0
78449722 0 0
20563329 0 0
-23945395 0 0
-91501076 0 0
0 0 0
0 0 0
0 0 0
0 0 0
0 0 0
0 0 0
0 0 0
0 0 0
0 0 0
0 0 0
0 0 0
0 0 0
0 0 0
0 0 0
0 0 0
0 0 0
0 0 0
0 0 0
0 0 0
0 0 0
0 0 0
0 0 0
0 0 0
0 0 0
0 0 0
0 0 0
0 0 0
0 0 0
0 0 0
0 0 0
0 0 0
0 0 0
0 0 0
0 0 0
0 0 0
0 0 0
0 0 0
0 0 0
0 0 0
0 0 0
0 0 0
0 0 0
0 0 0
0 0 0
0 0 0
0 0 0
0 0 0
0 0 0
0 0 0
0 0 0
0 0 0
0 0 0
0 0 0
0 0 0
0 0 0
0 0 0
0 0 0
0 0 0
0 0 0
0 0 0
0 0 0
0 0 0
0 0 0
0 0 0
0 0 0
0 0 0
0 0 0
0 0 0
0 0 0
0 0 0
0 0 0
0 0 0
0 0 0
0 0 0
0 0 0
0 0 0
0 0 0
0 0 0
0 0 0
0 0 0
0 0 0
0 0 0
0 0 0
0 0 0
0 0 0
0 0 0
0 0 0
0 0 0
0 0 0
0 0 0
0 0 0
0 0 0
0 0 0
0 0 0
0 0 0
0 0 0
0 0 0
0 0 0
0 0 0
0 0 0
0 0 0
0 0 0
0 0 0
0 0 0
0 0 0
0 0 0
0 0 0
0 0 0
3450272 0 0
-32347544 0 0
-35461504 0 0
16830440 0 0
-1450912 0 0
9861512 0 0
54826877 0 0
-187064662 0 0
-202247513 0 0
40378273 0 0
36674547 0 0
86020565 0 0
202423423 0 0
-343091625 0 0
-375692115 0 0
-171974460 0 0
257599555 0 0
287999998 0 0
127069027 0 0
-418966251 0 0
-249376364 0 0
-147856646 0 0
406023044 0 0
174144096 0 0
12419093 0 0
-382434380 0 0
190573077 0 0
66238928 0 0
328638083 0 0
-162223300 0 0
-96610751 0 0
-235290830 0 0
350754083 0 0
193070869 0 0
127109573 0 0
-288446488 0 0
-19066241 0 0
-82809968 0 0
193959402 0 0
115282851 0 0
-7369580 0 0
-169865893 0 0
18378056 0 0
5866954 0 0
17315375 0 0
4877554 0 0
-7582171 0 0
-24784093 0 0
0 0 0
0 0 0
0 0 0
0 0 0
0 0 0
0 0 0
0 0 0
0 0 0
0 0 0
0 0 0
0 0 0
0 0 0
0 0 0
0 0 0
0 0 0
0 0 0
0 0 0
0 0 0
0 0 0
0 0 0
0 0 0
0 0 0
0 0 0
0 0 0
0 0 0
0 0 0
0 0 0
0 0 0
0 0 0
0 0 0
0 0 0
0 0 0
0 0 0
0 0 0
0 0 0
0 0 0
0 0 0
0 0 0
0 0 0
0 0 0
0 0 0
0 0 0
0 0 0
0 0 0
0 0 0
0 0 0
0 0 0
0 0 0
0 0 0
0 0 0
0 0 0
0 0 0
0 0 0
0 0 0
0 0 0
0 0 0
0 0 0
0 0 0
0 0 0
0 0 0
0 0 0
0 0 0
0 0 0
0 0 0
0 0 0
0 0 0
0 0 0
0 0 0
0 0 0
0 0 0
0 0 0
0 0 0
0 0 0
0 0 0
0 0 0
0 0 0
0 0 0
0 0 0
0 0 0
0 0 0
0 0 0
0 0 0
0 0 0
0 0 0
0 0 0
0 0 0
0 0 0
0 0 0
0 0 0
0 0 0
0 0 0
0 0 0
0 0 0
0 0 0
0 0 0
0 0 0
0 0 0
0 0 0
0 0 0
0 0 0
0 0 0
0 0 0
323820 0 0
-3890723 0 0
-4245640 0 0
2102517 0 0
-225132 0 0
1137225 0 0
34805833 0 0
-123633452 0 0
-137853544 0 0
44045886 0 0
9042483 0 0
48825631 0 0
129092636 0 0
-363018881 0 0
-363744598 0 0
39244499 0 0
129745723 0 0
152976057 0 0
72367981 0 0
-483580799 0 0
-373712337 0 0
-96642089 0 0
338879335 0 0
213966180 0 0
11968709 0 0
-458635472 0 0
-65063714 0 0
-81065522 0 0
427327621 0 0
94325068 0 0
1134934 0 0
-259200716 0 0
301169471 0 0
55056863 0 0
278196321 0 0
-215413579 0 0
-37723028 0 0
-130528572 0 0
351621967 0 0
169923300 0 0
69676372 0 0
-279337215 0 0
26151624 0 0
-31051887 0 0
151479870 0 0
74923099 0 0
-4377833 0 0
-116310231 0 0
2589314 0 0
47630 0 0
5495807 0 0
2066077 0 0
-298417 0 0
-4019257 0 0
0 0 0
0 0 0
0 0 0
0 0 0
0 0 0
0 0 0
0 0 0
0 0 0
0 0 0
0 0 0
0 0 0
0 0 0
0 0 0
0 0 0
0 0 0
0 0 0
0 0 0
0 0 0
0 0 0
0 0 0
0 0 0
0 0 0
0 0 0
0 0 0
0 0 0
0 0 0
0 0 0
0 0 0
0 0 0
0 0 0
0 0 0
0 0 0
0 0 0
0 0 0
0 0 0
0 0 0
0 0 0
0 0 0
0 0 0
0 0 0
0 0 0
0 0 0
0 0 0
0 0 0
0 0 0
0 0 0
0 0 0
0 0 0
0 0 0
0 0 0
0 0 0
0 0 0
0 0 0
0 0 0
0 0 0
0 0 0
0 0 0
0 0 0
0 0 0
0 0 0
0 0 0
0 0 0
0 0 0
0 0 0
0 0 0
0 0 0
0 0 0
0 0 0
0 0 0
0 0 0
0 0 0
0 0 0
0 0 0
0 0 0
0 0 0
0 0 0
0 0 0
0 0 0
0 0 0
0 0 0
0 0 0
0 0 0
0 0 0
0 0 0
0 0 0
0 0 0
0 0 0
0 0 0
0 0 0
0 0 0
0 0 0
0 0 0
0 0 0
0 0 0
0 0 0
0 0 0
0 0 0
0 0 0
0 0 0
0 0 0
0 0 0
0 0 0
6853021 0 0
-45766291 0 0
-50596397 0 0
22121896 0 0
-958277 0 0
15009856 0 0
105512108 0 0
-258839028 0 0
-282484332 0 0
35780667 0 0
66750367 0 0
127459406 0 0
145337414 0 0
-437685510 0 0
-407221739 0 0
-61260317 0 0
269128021 0 0
207604036 0 0
7556283 0 0
-493126024 0 0
-197213023 0 0
-74747366 0 0
402893861 0 0
128032725 0 0
2739199 0 0
-279246067 0 0
232373837 0 0
-78978530 0 0
376391618 0 0
-65416625 0 0
18952418 0 0
-56242077 0 0
417956318 0 0
20044711 0 0
164620489 0 0
-223249585 0 0
141407151 0 0
32255371 0 0
303540421 0 0
59504356 0 0
15189947 0 0
-195585545 0 0
75154421 0 0
26533394 0 0
75679975 0 0
15890503 0 0
-19560864 0 0
-80493501 0 0
2866064 0 0
1365698 0 0
1528893 0 0
10537 0 0
-1015664 0 0
-2673057 0 0
0 0 0
0 0 0
0 0 0
0 0 0
0 0 0
0 0 0
0 0 0
0 0 0
0 0 0
0 0 0
0 0 0
0 0 0
0 0 0
0 0 0
0 0 0
0 0 0
0 0 0
0 0 0
0 0 0
0 0 0
0 0 0
0 0 0
0 0 0
0 0 0
0 0 0
0 0 0
0 0 0
0 0 0
0 0 0
0 0 0
0 0 0
0 0 0
0 0 0
0 0 0
0 0 0
0 0 0
0 0 0
0 0 0
0 0 0
0 0 0
0 0 0
0 0 0
0 0 0
0 0 0
0 0 0
0 0 0
0 0 0
0 0 0
0 0 0
0 0 0
0 0 0
0 0 0
0 0 0
0 0 0
0 0 0
0 0 0
0 0 0
0 0 0
0 0 0
0 0 0
0 0 0
0 0 0
0 0 0
0 0 0
0 0 0
0 0 0
0 0 0
0 0 0
0 0 0
0 0 0
0 0 0
0 0 0
0 0 0
0 0 0
0 0 0
0 0 0
0 0 0
0 0 0
0 0 0
0 0 0
0 0 0
0 0 0
0 0 0
0 0 0
0 0 0
0 0 0
0 0 0
0 0 0
0 0 0
0 0 0
0 0 0
0 0 0
0 0 0
0 0 0
0 0 0
0 0 0
728280 0 0
-8750342 0 0
-9548560 0 0
4728618 0 0
-506328 0 0
2557650 0 0
45841714 0 0
-141846116 0 0
-157503585 0 0
42623010 0 0
16793697 0 0
59738214 0 0
165198171 0 0
-354065546 0 0
-376196992 0 0
-40176253 0 0
177277580 0 0
202432511 0 0
83904641 0 0
-468962733 0 0
-335954443 0 0
-104118935 0 0
367037034 0 0
196895471 0 0
7945030 0 0
-405489297 0 0
62213455 0 0
-62233679 0 0
410102123 0 0
13024202 0 0
-35217369 0 0
-149975766 0 0
384928212 0 0
10358215 0 0
237139521 0 0
-206874054 0 0
83176870 0 0
-12244950 0 0
367158342 0 0
66535713 0 0
48798221 0 0
-207955325 0 0
125519599 0 0
49858398 0 0
124783509 0 0
13253381 0 0
-26133487 0 0
-120660437 0 0
24367120 0 0
11611090 0 0
12998565 0 0
89585 0 0
-8635120 0 0
-22726185 0 0
0 0 0
0 0 0
0 0 0
0 0 0
0 0 0
0 0 0
0 0 0
0 0 0
0 0 0
0 0 0
0 0 0
0 0 0
0 0 0
0 0 0
0 0 0
0 0 0
0 0 0
0 0 0
0 0 0
0 0 0
0 0 0
0 0 0
0 0 0
0 0 0
0 0 0
0 0 0
0 0 0
0 0 0
0 0 0
0 0 0
0 0 0
0 0 0
0 0 0
0 0 0
0 0 0
0 0 0
0 0 0
0 0 0
0 0 0
0 0 0
0 0 0
0 0 0
0 0 0
0 0 0
0 0 0
0 0 0
0 0 0
0 0 0
0 0 0
0 0 0
0 0 0
0 0 0
0 0 0
0 0 0
0 0 0
0 0 0
0 0 0
0 0 0
0 0 0
0 0 0
0 0 0
0 0 0
0 0 0
0 0 0
0 0 0
0 0 0
0 0 0
0 0 0
0 0 0
0 0 0
0 0 0
0 0 0
0 0 0
0 0 0
0 0 0
0 0 0
0 0 0
0 0 0
0 0 0
0 0 0
0 0 0
0 0 0
0 0 0
0 0 0
0 0 0
0 0 0
0 0 0
0 0 0
0 0 0
0 0 0
0 0 0
0 0 0
0 0 0
0 0 0
0 0 0
0 0 0
0 0 0
0 0 0
0 0 0
0 0 0
0 0 0
0 0 0
10841194 0 0
-48003458 0 0
-53856058 0 0
20071060 0 0
1023046 0 0
17703124 0 0
115378154 0 0
-254937682 0 0
-285683186 0 0
16891198 0 0
77653184 0 0
138237632 0 0
156575754 0 0
-407614286 0 0
-388347866 0 0
-110560540 0 0
291656212 0 0
229707804 0 0
45511901 0 0
-494955984 0 0
-186086693 0 0
-76850487 0 0
412035253 0 0
133116115 0 0
-12738536 0 0
-285494873 0 0
268679927 0 0
-14096263 0 0
346895915 0 0
-143939035 0 0
-48649373 0 0
-122484603 0 0
404472924 0 0
126251284 0 0
105220672 0 0
-266186598 0 0
105337704 0 0
12003690 0 0
214818114 0 0
63252955 0 0
-10726118 0 0
-165934016 0 0
30737700 0 0
11978928 0 0
25650656 0 0
4738260 0 0
-9500162 0 0
-32275900 0 0
0 0 0
0 0 0
0 0 0
0 0 0
0 0 0
0 0 0
0 0 0
0 0 0
0 0 0
0 0 0
0 0 0
0 0 0
0 0 0
0 0 0
0 0 0
0 0 0
0 0 0
0 0 0
0 0 0
0 0 0
0 0 0
0 0 0
0 0 0
0 0 0
0 0 0
0 0 0
0 0 0
0 0 0
0 0 0
0 0 0
0 0 0
0 0 0
0 0 0
0 0 0
0 0 0
0 0 0
0 0 0
0 0 0
0 0 0
0 0 0
0 0 0
0 0 0
0 0 0
0 0 0
0 0 0
0 0 0
0 0 0
0 0 0
0 0 0
0 0 0
0 0 0
0 0 0
0 0 0
0 0 0
0 0 0
0 0 0
0 0 0
0 0 0
0 0 0
0 0 0
0 0 0
0 0 0
0 0 0
0 0 0
0 0 0
0 0 0
0 0 0
0 0 0
0 0 0
0 0 0
0 0 0
0 0 0
0 0 0
0 0 0
0 0 0
0 0 0
0 0 0
0 0 0
0 0 0
0 0 0
0 0 0
0 0 0
0 0 0
0 0 0
0 0 0
0 0 0
0 0 0
0 0 0
0 0 0
0 0 0
0 0 0
0 0 0
0 0 0
0 0 0
0 0 0
0 0 0
0 0 0
0 0 0
0 0 0
0 0 0
0 0 0
0 0 0
647640 0 0
-7781446 0 0
-8491280 0 0
4205034 0 0
-450264 0 0
2274450 0 0
53998126 0 0
-216077942 0 0
-241431958 0 0
78725054 0 0
13817504 0 0
85768252 0 0
162455938 0 0
-429705285 0 0
-407659326 0 0
-19416421 0 0
217054178 0 0
205250925 0 0
-466605 0 0
-540755908 0 0
-332510944 0 0
-63924272 0 0
369161971 0 0
172156959 0 0
35342606 0 0
-485515795 0 0
-22903228 0 0
-33718893 0 0
413508899 0 0
37230393 0 0
-66460764 0 0
-239972338 0 0
357771175 0 0
91945111 0 0
257709049 0 0
-257688500 0 0
-42619036 0 0
-126312228 0 0
360158476 0 0
166589742 0 0
27417488 0 0
-253537471 0 0
83701614 0 0
30205172 0 0
83370636 0 0
15826863 0 0
-22174497 0 0
-90058534 0 0
6445856 0 0
3071492 0 0
3438522 0 0
23698 0 0
-2284256 0 0
-6011778 0 0
0 0 0
0 0 0
0 0 0
0 0 0
0 0 0
0 0 0
0 0 0
0 0 0
0 0 0
0 0 0
0 0 0
0 0 0
0 0 0
0 0 0
0 0 0
0 0 0
0 0 0
0 0 0
0 0 0
0 0 0
0 0 0
0 0 0
0 0 0
0 0 0
0 0 0
0 0 0
0 0 0
0 0 0
0 0 0
0 0 0
0 0 0
0 0 0
0 0 0
0 0 0
0 0 0
0 0 0
0 0 0
0 0 0
0 0 0
0 0 0
0 0 0
0 0 0
0 0 0
0 0 0
0 0 0
0 0 0
0 0 0
0 0 0
0 0 0
0 0 0
0 0 0
0 0 0
0 0 0
0 0 0
0 0 0
0 0 0
0 0 0
0 0 0
0 0 0
0 0 0
0 0 0
0 0 0
0 0 0
0 0 0
0 0 0
0 0 0
0 0 0
0 0 0
0 0 0
0 0 0
0 0 0
0 0 0
0 0 0
0 0 0
0 0 0
0 0 0
0 0 0
0 0 0
0 0 0
0 0 0
0 0 0
0 0 0
0 0 0
0 0 0
0 0 0
0 0 0
0 0 0
0 0 0
0 0 0
0 0 0
0 0 0
0 0 0
0 0 0
0 0 0
0 0 0
0 0 0
0 0 0
0 0 0
0 0 0
0 0 0
0 0 0
0 0 0
9010022 0 0
-35109529 0 0
-39622754 0 0
13753205 0 0
1348298 0 0
13527737 0 0
182825355 0 0
-296920706 0 0
-354162934 0 0
-11622860 0 0
102573579 0 0
189082995 0 0
151014622 0 0
-423939482 0 0
-409368819 0 0
-107775910 0 0
335108348 0 0
202067878 0 0
-19427406 0 0
-547458817 0 0
-102069472 0 0
-22600551 0 0
432616987 0 0
101445121 0 0
54255017 0 0
-335718234 0 0
191428639 0 0
-49623957 0 0
378067648 0 0
-78036915 0 0
-51022422 0 0
-152010569 0 0
391772934 0 0
145040240 0 0
153249021 0 0
-301202841 0 0
30586594 0 0
-69556173 0 0
283617555 0 0
139073160 0 0
-5316756 0 0
-213012362 0 0
23376642 0 0
9952926 0 0
16584743 0 0
2142501 0 0
-7664945 0 0
-23406721 0 0
0 0 0
0 0 0
0 0 0
0 0 0
0 0 0
0 0 0
0 0 0
0 0 0
0 0 0
0 0 0
0 0 0
0 0 0
0 0 0
0 0 0
0 0 0
0 0 0
0 0 0
0 0 0
0 0 0
0 0 0
0 0 0
0 0 0
0 0 0
0 0 0
0 0 0
0 0 0
0 0 0
0 0 0
0 0 0
0 0 0
0 0 0
0 0 0
0 0 0
0 0 0
0 0 0
0 0 0
0 0 0
0 0 0
0 0 0
0 0 0
0 0 0
0 0 0
0 0 0
0 0 0
0 0 0
0 0 0
0 0 0
0 0 0
0 0 0
0 0 0
0 0 0
0 0 0
0 0 0
0 0 0
0 0 0
0 0 0
0 0 0
0 0 0
0 0 0
0 0 0
0 0 0
0 0 0
0 0 0
0 0 0
0 0 0
0 0 0
0 0 0
0 0 0
0 0 0
0 0 0
0 0 0
0 0 0
0 0 0
0 0 0
0 0 0
0 0 0
0 0 0
0 0 0
0 0 0
0 0 0
0 0 0
0 0 0
0 0 0
0 0 0
0 0 0
0 0 0
0 0 0
0 0 0
0 0 0
0 0 0
0 0 0
0 0 0
0 0 0
0 0 0
0 0 0
0 0 0
0 0 0
0 0 0
0 0 0
0 0 0
0 0 0
0 0 0
728280 0 0
-8750342 0 0
-9548560 0 0
4728618 0 0
-506328 0 0
2557650 0 0
34574519 0 0
-106362389 0 0
-118456015 0 0
28478062 0 0
14890831 0 0
47314820 0 0
217994598 0 0
-285047501 0 0
-364862870 0 0
-162617538 0 0
203939745 0 0
279854183 0 0
176374224 0 0
-377264788 0 0
-293002562 0 0
-180573458 0 0
401413569 0 0
211982010 0 0
74144934 0 0
-386413695 0 0
130314087 0 0
-53833258 0 0
399311108 0 0
-47390897 0 0
16105541 0 0
-136734251 0 0
372866811 0 0
-43416374 0 0
266144429 0 0
-178797775 0 0
79514387 0 0
-17410864 0 0
382213442 0 0
91429232 0 0
62173300 0 0
-240159328 0 0
112930291 0 0
24107180 0 0
160395478 0 0
50940917 0 0
-28735676 0 0
-152695896 0 0
2866064 0 0
1365698 0 0
1528893 0 0
10537 0 0
-1015664 0 0
-2673057 0 0
0 0 0
0 0 0
0 0 0
0 0 0
0 0 0
0 0 0
0 0 0
0 0 0
0 0 0
0 0 0
0 0 0
0 0 0
0 0 0
0 0 0
0 0 0
0 0 0
0 0 0
0 0 0
0 0 0
0 0 0
0 0 0
0 0 0
0 0 0
0 0 0
0 0 0
0 0 0
0 0 0
0 0 0
0 0 0
0 0 0
0 0 0
0 0 0
0 0 0
0 0 0
0 0 0
0 0 0
0 0 0
0 0 0
0 0 0
0 0 0
0 0 0
0 0 0
0 0 0
0 0 0
0 0 0
0 0 0
0 0 0
0 0 0
0 0 0
0 0 0
0 0 0
0 0 0
0 0 0
0 0 0
0 0 0
0 0 0
0 0 0
0 0 0
0 0 0
0 0 0
0 0 0
0 0 0
0 0 0
0 0 0
0 0 0
0 0 0
0 0 0
0 0 0
0 0 0
0 0 0
0 0 0
0 0 0
0 0 0
0 0 0
0 0 0
0 0 0
0 0 0
0 0 0
0 0 0
0 0 0
0 0 0
0 0 0
0 0 0
0 0 0
0 0 0
0 0 0
0 0 0
0 0 0
0 0 0
0 0 0
0 0 0
0 0 0
0 0 0
0 0 0
0 0 0
0 0 0
162540 0 0
-1952931 0 0
-2131080 0 0
1055349 0 0
-113004 0 0
570825 0 0
13034563 0 0
-79165620 0 0
-86419722 0 0
36640420 0 0
213097 0 0
26064205 0 0
84164971 0 0
-295203456 0 0
-296168771 0 0
63357805 0 0
73747022 0 0
116502927 0 0
131334411 0 0
-436390408 0 0
-393320215 0 0
-123205219 0 0
296351946 0 0
252735415 0 0
47758308 0 0
-461897234 0 0
-183656641 0 0
-107329565 0 0
415304745 0 0
140763207 0 0
18007411 0 0
-272418844 0 0
278426218 0 0
-20198137 0 0
334156919 0 0
-153766184 0 0
-16743657 0 0
-90922754 0 0
408016673 0 0
69832473 0 0
128454928 0 0
-235071815 0 0
123769928 0 0
24176097 0 0
242091473 0 0
51759366 0 0
-3933911 0 0
-170322952 0 0
62727622 0 0
26922322 0 0
43756225 0 0
5376011 0 0
-20680019 0 0
-62517311 0 0
0 0 0
0 0 0
0 0 0
0 0 0
0 0 0
0 0 0
0 0 0
0 0 0
0 0 0
0 0 0
0 0 0
0 0 0
0 0 0
0 0 0
0 0 0
0 0 0
0 0 0
0 0 0
0 0 0
0 0 0
0 0 0
0 0 0
0 0 0
0 0 0
0 0 0
0 0 0
0 0 0
0 0 0
0 0 0
0 0 0
0 0 0
0 0 0
0 0 0
0 0 0
0 0 0
0 0 0
0 0 0
0 0 0
0 0 0
0 0 0
0 0 0
0 0 0
0 0 0
0 0 0
0 0 0
0 0 0
0 0 0
0 0 0
0 0 0
0 0 0
0 0 0
0 0 0
0 0 0
0 0 0
0 0 0
0 0 0
0 0 0
0 0 0
0 0 0
0 0 0
0 0 0
0 0 0
0 0 0
0 0 0
0 0 0
0 0 0
0 0 0
0 0 0
0 0 0
0 0 0
0 0 0
0 0 0
0 0 0
0 0 0
0 0 0
0 0 0
0 0 0
0 0 0
0 0 0
0 0 0
0 0 0
0 0 0
0 0 0
0 0 0
0 0 0
0 0 0
0 0 0
0 0 0
0 0 0
0 0 0
0 0 0
0 0 0
0 0 0
0 0 0
0 0 0
0 0 0
0 0 0
0 0 0
0 0 0
0 0 0
0 0 0
0 0 0
2298597 0 0
-9260021 0 0
-10433629 0 0
3694038 0 0
312435 0 0
3526182 0 0
71333636 0 0
-159297765 0 0
-184021748 0 0
28454476 0 0
30866461 0 0
80292829 0 0
162722583 0 0
-380247896 0 0
-392306352 0 0
-19576257 0 0
191869471 0 0
185389033 0 0
48980420 0 0
-482921601 0 0
-297320440 0 0
-88670872 0 0
377775897 0 0
175526499 0 0
-1774881 0 0
-373747802 0 0
101342860 0 0
-81625685 0 0
415286070 0 0
18514083 0 0
-15062138 0 0
-127316442 0 0
387597267 0 0
34988911 0 0
211679051 0 0
-233997337 0 0
77604791 0 0
-25785201 0 0
347856726 0 0
100199015 0 0
36724872 0 0
-220435382 0 0
77545455 0 0
21673086 0 0
98480133 0 0
25240515 0 0
-18442854 0 0
-94150187 0 0
7170736 0 0
3416902 0 0
3825207 0 0
26363 0 0
-2541136 0 0
-6687843 0 0
0 0 0
0 0 0
0 0 0
0 0 0
0 0 0
0 0 0
0 0 0
0 0 0
0 0 0
0 0 0
0 0 0
0 0 0
0 0 0
0 0 0
0 0 0
0 0 0
0 0 0
0 0 0
0 0 0
0 0 0
0 0 0
0 0 0
0 0 0
0 0 0
0 0 0
0 0 0
0 0 0
0 0 0
0 0 0
0 0 0
0 0 0
0 0 0
0 0 0
0 0 0
0 0 0
0 0 0
0 0 0
0 0 0
0 0 0
0 0 0
0 0 0
0 0 0
0 0 0
0 0 0
0 0 0
0 0 0
0 0 0
0 0 0
0 0 0
0 0 0
0 0 0
0 0 0
0 0 0
0 0 0
0 0 0
0 0 0
0 0 0
0 0 0
0 0 0
0 0 0
0 0 0
0 0 0
0 0 0
0 0 0
0 0 0
0 0 0
0 0 0
0 0 0
0 0 0
0 0 0
0 0 0
0 0 0
0 0 0
0 0 0
0 0 0
0 0 0
0 0 0
0 0 0
0 0 0
0 0 0
0 0 0
0 0 0
0 0 0
0 0 0
0 0 0
0 0 0
0 0 0
0 0 0
0 0 0
0 0 0
0 0 0
0 0 0
0 0 0
0 0 0
0 0 0
0 0 0
80640 0 0
-968896 0 0
-1057280 0 0
523584 0 0
-56064 0 0
283200 0 0
11040054 0 0
-47845656 0 0
-53791439 0 0
18446476 0 0
2083957 0 0
18714998 0 0
130536280 0 0
-240453643 0 0
-283864067 0 0
-21420607 0 0
93006611 0 0
161497057 0 0
179966245 0 0
-385257062 0 0
-372967275 0 0
-137608001 0 0
307093415 0 0
237203776 0 0
52462223 0 0
-449538809 0 0
-117463952 0 0
-81737488 0 0
405303701 0 0
93039903 0 0
-19672078 0 0
-241722757 0 0
305577157 0 0
-19147508 0 0
317663175 0 0
-150082712 0 0
7644120 0 0
-81489615 0 0
398214610 0 0
91639169 0 0
94972062 0 0
-238600783 0 0
124087867 0 0
30458750 0 0
193352722 0 0
45504941 0 0
-20764421 0 0
-166403948 0 0
34097076 0 0
14170482 0 0
25393437 0 0
3726333 0 0
-10999026 0 0
-34610013 0 0
0 0 0
0 0 0
0 0 0
0 0 0
0 0 0
0 0 0
0 0 0
0 0 0
0 0 0
0 0 0
0 0 0
0 0 0
0 0 0
0 0 0
0 0 0
0 0 0
0 0 0
0 0 0
0 0 0
0 0 0
0 0 0
0 0 0
0 0 0
0 0 0
0 0 0
0 0 0
0 0 0
0 0 0
0 0 0
0 0 0
0 0 0
0 0 0
0 0 0
0 0 0
0 0 0
0 0 0
0 0 0
0 0 0
0 0 0
0 0 0
0 0 0
0 0 0
0 0 0
0 0 0
0 0 0
0 0 0
0 0 0
0 0 0
0 0 0
0 0 0
0 0 0
0 0 0
0 0 0
0 0 0
0 0 0
0 0 0
0 0 0
0 0 0
0 0 0
0 0 0
0 0 0
0 0 0
0 0 0
0 0 0
0 0 0
0 0 0
0 0 0
0 0 0
0 0 0
0 0 0
0 0 0
0 0 0
0 0 0
0 0 0
0 0 0
0 0 0
0 0 0
0 0 0
0 0 0
0 0 0
0 0 0
0 0 0
0 0 0
0 0 0
0 0 0
0 0 0
0 0 0
0 0 0
0 0 0
0 0 0
0 0 0
0 0 0
0 0 0
0 0 0
0 0 0
0 0 0
0 0 0
0 0 0
0 0 0
0 0 0
0 0 0
0 0 0
2398172 0 0
-19706479 0 0
-21667304 0 0
9999305 0 0
-719452 0 0
6166637 0 0
48421517 0 0
-181176009 0 0
-194907198 0 0
58305561 0 0
22070645 0 0
70727486 0 0
155118928 0 0
-380340676 0 0
-380688893 0 0
-47717799 0 0
200211017 0 0
210802622 0 0
66609399 0 0
-482212806 0 0
-321896074 0 0
-103561687 0 0
372812690 0 0
192768261 0 0
22394100 0 0
-404270239 0 0
73242200 0 0
-43757338 0 0
398062445 0 0
-14872304 0 0
-63574909 0 0
-199285792 0 0
368437192 0 0
104591879 0 0
200390018 0 0
-262582226 0 0
19284335 0 0
-72481917 0 0
311658384 0 0
127475096 0 0
22229317 0 0
-220738789 0 0
55434036 0 0
14924944 0 0
70361324 0 0
18895860 0 0
-14900363 0 0
-70947898 0 0
5018400 0 0
2391300 0 0
2677050 0 0
18450 0 0
-1778400 0 0
-4680450 0 0
0 0 0
0 0 0
0 0 0
0 0 0
0 0 0
0 0 0
0 0 0
0 0 0
0 0 0
0 0 0
0 0 0
0 0 0
0 0 0
0 0 0
0 0 0
0 0 0
0 0 0
0 0 0
0 0 0
0 0 0
0 0 0
0 0 0
0 0 0
0 0 0
0 0 0
0 0 0
0 0 0
0 0 0
0 0 0
0 0 0
0 0 0
0 0 0
0 0 0
0 0 0
0 0 0
0 0 0
0 0 0
0 0 0
0 0 0
0 0 0
0 0 0
0 0 0
0 0 0
0 0 0
0 0 0
0 0 0
0 0 0
0 0 0
0 0 0
0 0 0
0 0 0
0 0 0
0 0 0
0 0 0
0 0 0
0 0 0
0 0 0
0 0 0
0 0 0
0 0 0
0 0 0
0 0 0
0 0 0
0 0 0
0 0 0
0 0 0
0 0 0
0 0 0
0 0 0
0 0 0
0 0 0
0 0 0
0 0 0
0 0 0
0 0 0
0 0 0
0 0 0
0 0 0
0 0 0
0 0 0
0 0 0
0 0 0
0 0 0
0 0 0
0 0 0
0 0 0
0 0 0
0 0 0
0 0 0
0 0 0
0 0 0
0 0 0
0 0 0
0 0 0
0 0 0
0 0 0
0 0 0
0 0 0
0 0 0
0 0 0
0 0 0
0 0 0
18793741 0 0
-40494502 0 0
-47872777 0 0
8136505 0 0
6383851 0 0
20708853 0 0
139521092 0 0
-254821025 0 0
-300374843 0 0
-2951335 0 0
89981683 0 0
151934149 0 0
157829695 0 0
-399156496 0 0
-376840468 0 0
-111886855 0 0
306815474 0 0
216472777 0 0
34196463 0 0
-503854291 0 0
-151987834 0 0
-62425456 0 0
418576547 0 0
125077000 0 0
-9814588 0 0
-269343490 0 0
282801257 0 0
-18681449 0 0
344974551 0 0
-149113352 0 0
-48671223 0 0
-116492560 0 0
405293556 0 0
134671045 0 0
95131438 0 0
-272183213 0 0
108466349 0 0
15060058 0 0
207455666 0 0
62149158 0 0
-11931251 0 0
-160979952 0 0
22386164 0 0
8294762 0 0
20170921 0 0
4195417 0 0
-6694770 0 0
-24087257 0 0
0 0 0
0 0 0
0 0 0
0 0 0
0 0 0
0 0 0
0 0 0
0 0 0
0 0 0
0 0 0
0 0 0
0 0 0
0 0 0
0 0 0
0 0 0
0 0 0
0 0 0
0 0 0
0 0 0
0 0 0
0 0 0
0 0 0
0 0 0
0 0 0
0 0 0
0 0 0
0 0 0
0 0 0
0 0 0
0 0 0
0 0 0
0 0 0
0 0 0
0 0 0
0 0 0
0 0 0
0 0 0
0 0 0
0 0 0
0 0 0
0 0 0
0 0 0
0 0 0
0 0 0
0 0 0
0 0 0
0 0 0
0 0 0
0 0 0
0 0 0
0 0 0
0 0 0
0 0 0
0 0 0
0 0 0
0 0 0
0 0 0
0 0 0
0 0 0
0 0 0
0 0 0
0 0 0
0 0 0
0 0 0
0 0 0
0 0 0
0 0 0
0 0 0
0 0 0
0 0 0
0 0 0
0 0 0
0 0 0
0 0 0
0 0 0
0 0 0
0 0 0
0 0 0
0 0 0
0 0 0
0 0 0
0 0 0
0 0 0
0 0 0
0 0 0
0 0 0
0 0 0
0 0 0
0 0 0
0 0 0
0 0 0
0 0 0
0 0 0
0 0 0
0 0 0
0 0 0
0 0 0
0 0 0
0 0 0
0 0 0
0 0 0
0 0 0
0 0 0
0 0 0
0 0 0
0 0 0
0 0 0
0 0 0
33533581 0 0
-15504260 0 0
-31172742 0 0
-29757203 0 0
20301682 0 0
33865611 0 0
200545036 0 0
-72227560 0 0
-173589087 0 0
-215269138 0 0
153851167 0 0
207683130 0 0
257931453 0 0
-74682943 0 0
-125451013 0 0
-312256456 0 0
322077621 0 0
203164091 0 0
235567141 0 0
-126110378 0 0
146036665 0 0
-211001171 0 0
359928769 0 0
43355403 0 0
88062053 0 0
-25034598 0 0
401641992 0 0
-12765908 0 0
215033580 0 0
-216477275 0 0
73142333 0 0
-38732707 0 0
361996776 0 0
113010958 0 0
25047557 0 0
-220974450 0 0
88389336 0 0
36498192 0 0
72194758 0 0
9023955 0 0
-25225630 0 0
-87615454 0 0
5732128 0 0
2731396 0 0
3057786 0 0
21074 0 0
-2031328 0 0
-5346114 0 0
0 0 0
0 0 0
0 0 0
0 0 0
0 0 0
0 0 0
0 0 0
0 0 0
0 0 0
0 0 0
0 0 0
0 0 0
0 0 0
0 0 0
0 0 0
0 0 0
0 0 0
0 0 0
0 0 0
0 0 0
0 0 0
0 0 0
0 0 0
0 0 0
0 0 0
0 0 0
0 0 0
0 0 0
0 0 0
0 0 0
0 0 0
0 0 0
0 0 0
0 0 0
0 0 0
0 0 0
0 0 0
0 0 0
0 0 0
0 0 0
0 0 0
0 0 0
0 0 0
0 0 0
0 0 0
0 0 0
0 0 0
0 0 0
0 0 0
0 0 0
0 0 0
0 0 0
0 0 0
0 0 0
0 0 0
0 0 0
0 0 0
0 0 0
0 0 0
0 0 0
0 0 0
0 0 0
0 0 0
0 0 0
0 0 0
0 0 0
0 0 0
0 0 0
0 0 0
0 0 0
0 0 0
0 0 0
0 0 0
0 0 0
0 0 0
0 0 0
0 0 0
0 0 0
0 0 0
0 0 0
0 0 0
0 0 0
0 0 0
0 0 0
0 0 0
0 0 0
0 0 0
0 0 0
0 0 0
0 0 0
0 0 0
0 0 0
0 0 0
0 0 0
0 0 0
0 0 0
0 0 0
0 0 0
0 0 0
0 0 0
0 0 0
0 0 0
0 0 0
0 0 0
0 0 0
0 0 0
0 0 0
0 0 0
19893549 0 0
16522191 0 0
-77438 0 0
-46569516 0 0
18864798 0 0
28848470 0 0
137183573 0 0
110966491 0 0
10783674 0 0
-285414533 0 0
123792317 0 0
169466756 0 0
268315675 0 0
228000039 0 0
121520856 0 0
-403272521 0 0
206018384 0 0
169678141 0 0
368829041 0 0
261223803 0 0
290327573 0 0
-342141483 0 0
183376732 0 0
15714787 0 0
266132955 0 0
166324195 0 0
319845257 0 0
-60340424 0 0
60513112 0 0
-175093329 0 0
146852101 0 0
41167743 0 0
196354491 0 0
48534908 0 0
-26659435 0 0
-169847654 0 0
15271762 0 0
6681688 0 0
10211952 0 0
1088426 0 0
-5101153 0 0
-15048606 0 0
0 0 0
0 0 0
0 0 0
0 0 0
0 0 0
0 0 0
0 0 0
0 0 0
0 0 0
0 0 0
0 0 0
0 0 0
0 0 0
0 0 0
0 0 0
0 0 0
0 0 0
0 0 0
0 0 0
0 0 0
0 0 0
0 0 0
0 0 0
0 0 0
0 0 0
0 0 0
0 0 0
0 0 0
0 0 0
0 0 0
0 0 0
0 0 0
0 0 0
0 0 0
0 0 0
0 0 0
0 0 0
0 0 0
0 0 0
0 0 0
0 0 0
0 0 0
0 0 0
0 0 0
0 0 0
0 0 0
0 0 0
0 0 0
0 0 0
0 0 0
0 0 0
0 0 0
0 0 0
0 0 0
0 0 0
0 0 0
0 0 0
0 0 0
0 0 0
0 0 0
0 0 0
0 0 0
0 0 0
0 0 0
0 0 0
0 0 0
0 0 0
0 0 0
0 0 0
0 0 0
0 0 0
0 0 0
0 0 0
0 0 0
0 0 0
0 0 0
0 0 0
0 0 0
0 0 0
0 0 0
0 0 0
0 0 0
0 0 0
0 0 0
0 0 0
0 0 0
0 0 0
0 0 0
0 0 0
0 0 0
0 0 0
0 0 0
0 0 0
0 0 0
0 0 0
0 0 0
0 0 0
0 0 0
0 0 0
0 0 0
0 0 0
0 0 0
0 0 0
0 0 0
0 0 0
0 0 0
0 0 0
0 0 0
0 0 0
0 0 0
0 0 0
0 0 0
0 0 0
0 0 0
2827708 0 0
10267218 0 0
3826199 0 0
-18151016 0 0
5607979 0 0
9813674 0 0
31845968 0 0
69796453 0 0
30191241 0 0
-119298009 0 0
39236493 0 0
64404093 0 0
105337637 0 0
133344828 0 0
85875404 0 0
-180265115 0 0
61650002 0 0
79190442 0 0
178409338 0 0
161891016 0 0
129537986 0 0
-168665382 0 0
38353427 0 0
12375717 0 0
160338822 0 0
99159767 0 0
106825429 0 0
-50337032 0 0
-5393403 0 0
-64176667 0 0
78418005 0 0
36585456 0 0
46251290 0 0
1405950 0 0
-26262824 0 0
-73115356 0 0
1438608 0 0
685506 0 0
767421 0 0
5289 0 0
-509808 0 0
-1341729 0 0
0 0 0
0 0 0
0 0 0
0 0 0
0 0 0
0 0 0
0 0 0
0 0 0
0 0 0
0 0 0
0 0 0
0 0 0
0 0 0
0 0 0
0 0 0
0 0 0
0 0 0
0 0 0
0 0 0
0 0 0
0 0 0
0 0 0
0 0 0
0 0 0
0 0 0
0 0 0
0 0 0
0 0 0
0 0 0
0 0 0
0 0 0
0 0 0
0 0 0
0 0 0
0 0 0
0 0 0
0 0 0
0 0 0
0 0 0
0 0 0
0 0 0
0 0 0
0 0 0
0 0 0
0 0 0
0 0 0
0 0 0
0 0 0
0 0 0
0 0 0
0 0 0
0 0 0
0 0 0
0 0 0
0 0 0
0 0 0
0 0 0
0 0 0
0 0 0
0 0 0
0 0 0
0 0 0
0 0 0
0 0 0
0 0 0
0 0 0
0 0 0
0 0 0
0 0 0
0 0 0
0 0 0
0 0 0
0 0 0
0 0 0
0 0 0
0 0 0
0 0 0
0 0 0
4056
0
3161
0
15
0
518
0
3161
0
15
0
518
0
3161
0
15
0
518
0
3161
0
15
0
518
0
3161
0
15
0
518
0
3161
0
15
0
518
0
3161
0
15
0
518
0
3161
0
15
0
518
0
3161
0
15
0
518
0
3161
0
15
0
518
0
3161
0
15
0
518
0
3161
0
15
0
518
0
3161
0
15
0
518
0
3161
0
15
0
518
0
3161
0
15
0
518
0
3161
0
15
0
518
0
2300
0
480
0
769
0
822
0
1140
221
884
0
870
0
1106
534
115
0
1775
0
862
0
61
0
3161
0
15
0
518
0
3161
0
15
0
518
0
3161
0
15
0
518
0
3161
0
15
0
518
0
3161
0
15
0
518
0
3161
0
15
0
518
0
3161
0
15
0
518
0
3161
0
15
0
518
0
3161
0
15
0
518
0
3161
0
15
0
518
0
3161
0
15
0
518
0
3161
0
15
0
518
0
3161
0
15
0
518
0
3161
0
15
0
518
0
3161
0
15
0
518
0
3161
0
15
0
518
0
3161
0
15
0
518
0
3161
0
15
0
518
0
3161
0
15
0
518
0
3161
0
15
0
518
0
3161
0
15
0
518
0
3042
0
79
0
552
440
0
0
1549
112
1984
107
0
0
2720
2195
1615
0
0
0
4003
2064
0
0
0
1113
2853
113
0
0
3161
0
15
0
518
0
3161
0
15
0
518
0
3161
0
15
0
518
0
3161
0
15
0
518
0
3161
0
15
0
518
0
3161
0
15
0
518
0
3161
0
15
0
518
0
3161
0
15
0
518
0
3161
0
15
0
518
0
3161
0
15
0
518
0
3161
0
15
0
518
0
3161
0
15
0
518
0
3161
0
15
0
518
0
3161
0
15
0
518
0
3161
0
15
0
518
0
3161
0
15
0
518
0
3161
0
15
0
518
0
3161
0
15
0
518
0
3161
0
15
0
518
0
3161
0
15
0
518
0
3161
0
15
0
518
0
2863
0
96
0
655
2759
0
0
0
1611
3889
1582
0
0
36
4832
2435
0
0
2544
5036
3517
0
0
0
3669
4017
280
0
0
3161
0
15
0
518
0
3161
0
15
0
518
0
3161
0
15
0
518
0
3161
0
15
0
518
0
3161
0
15
0
518
0
3161
0
15
0
518
0
3161
0
15
0
518
0
3161
0
15
0
518
0
3161
0
15
0
518
0
3161
0
15
0
518
0
3161
0
15
0
518
0
3161
0
15
0
518
0
3161
0
15
0
518
0
3161
0
15
0
518
0
3161
0
15
0
518
0
3161
0
15
0
518
0
3161
0
15
0
518
0
3161
0
15
0
518
0
3161
0
15
0
518
0
3161
0
15
0
518
0
3161
0
15
0
518
0
2151
0
296
0
1012
3663
0
0
0
2969
6095
2578
0
0
0
7122
3570
0
0
5028
5364
3379
0
0
0
4545
4089
0
0
0
3161
0
15
0
518
0
3161
0
15
0
518
0
3161
0
15
0
518
0
3161
0
15
0
518
0
3161
0
15
0
518
0
3161
0
15
0
518
0
3161
0
15
0
518
0
3161
0
15
0
518
0
3161
0
15
0
518
0
3161
0
15
0
518
0
3161
0
15
0
518
0
3161
0
15
0
518
0
3161
0
15
0
518
0
3161
0
15
0
518
0
3161
0
15
0
518
0
3161
0
15
0
518
0
3161
0
15
0
518
0
3161
0
15
0
518
0
3161
0
15
0
518
0
3161
0
15
0
518
0
2953
0
127
0
579
531
0
0
829
343
1983
4740
0
0
0
4942
7049
0
0
0
0
8335
2063
0
0
6915
6875
3748
0
0
0
4637
4153
0
0
0
3161
0
15
0
518
0
3161
0
15
0
518
0
3161
0
15
0
518
0
3161
0
15
0
518
0
3161
0
15
0
518
0
3161
0
15
0
518
0
3161
0
15
0
518
0
3161
0
15
0
518
0
3161
0
15
0
518
0
3161
0
15
0
518
0
3161
0
15
0
518
0
3161
0
15
0
518
0
3161
0
15
0
518
0
3161
0
15
0
518
0
3161
0
15
0
518
0
3161
0
15
0
518
0
3161
0
15
0
518
0
3161
0
15
0
518
0
3161
0
15
0
518
0
3161
0
15
0
518
0
2009
0
498
0
942
2255
0
0
1361
1613
4182
4198
0
0
0
8237
7504
0
0
0
1565
9473
171
0
0
8502
7647
3479
0
0
0
4700
4169
0
0
0
3161
0
15
0
518
0
3161
0
15
0
518
0
3161
0
15
0
518
0
3161
0
15
0
518
0
3161
0
15
0
518
0
3161
0
15
0
518
0
3161
0
15
0
518
0
3161
0
15
0
518
0
3161
0
15
0
518
0
3161
0
15
0
518
0
3161
0
15
0
518
0
3161
0
15
0
518
0
3161
0
15
0
518
0
3161
0
15
0
518
0
3161
0
15
0
518
0
3161
0
15
0
518
0
3161
0
15
0
518
0
3161
0
15
0
518
0
3161
0
15
0
518
0
3161
0
15
0
518
506
1482
0
36
345
1621
5235
0
0
0
4184
6664
4397
0
0
0
10539
6765
0
0
1903
3097
10262
0
0
0
9414
7949
3401
0
0
0
4711
4169
0
0
0
3161
0
15
0
518
0
3161
0
15
0
518
0
3161
0
15
0
518
0
3161
0
15
0
518
0
3161
0
15
0
518
0
3161
0
15
0
518
0
3161
0
15
0
518
0
3161
0
15
0
518
0
3161
0
15
0
518
0
3161
0
15
0
518
0
3161
0
15
0
518
0
3161
0
15
0
518
0
3161
0
15
0
518
0
3161
0
15
0
518
0
3161
0
15
0
518
0
3161
0
15
0
518
0
3161
0
15
0
518
0
3161
0
15
0
518
0
3161
0
15
0
518
0
3131
0
31
0
526
1171
0
0
140
686
2992
6195
0
0
0
6720
8762
4473
0
0
0
11695
6278
0
0
3802
3311
9486
0
0
0
9660
7921
3234
0
0
0
4712
4152
0
0
0
3161
0
15
0
518
0
3161
0
15
0
518
0
3161
0
15
0
518
0
3161
0
15
0
518
0
3161
0
15
0
518
0
3161
0
15
0
518
0
3161
0
15
0
518
0
3161
0
15
0
518
0
3161
0
15
0
518
0
3161
0
15
0
518
0
3161
0
15
0
518
0
3161
0
15
0
518
0
3161
0
15
0
518
0
3161
0
15
0
518
0
3161
0
15
0
518
0
3161
0
15
0
518
0
3161
0
15
0
518
0
3161
0
15
0
518
0
3161
0
15
0
518
0
2203
0
513
0
810
3243
0
0
739
2001
5274
4870
0
0
0
9403
7837
0
0
0
0
12477
3615
0
0
8326
1449
8777
0
0
0
10743
5558
2077
0
56
1937
4799
2576
0
0
0
3161
0
15
0
518
0
3161
0
15
0
518
0
3161
0
15
0
518
0
3161
0
15
0
518
0
3161
0
15
0
518
0
3161
0
15
0
518
0
3161
0
15
0
518
0
3161
0
15
0
518
0
3161
0
15
0
518
0
3161
0
15
0
518
0
3161
0
15
0
518
0
3161
0
15
0
518
0
3161
0
15
0
518
0
3161
0
15
0
518
0
3161
0
15
0
518
0
3161
0
15
0
518
0
3161
0
15
0
518
0
3161
0
15
0
518
0
3131
0
31
0
526
357
1357
0
327
237
1454
6037
0
0
0
4725
7888
4670
0
0
0
11596
6965
0
0
3328
0
12098
0
0
0
11598
1946
6217
0
1087
1830
9303
3270
361
0
1781
3904
2306
643
0
0
0
3161
0
15
0
518
0
3161
0
15
0
518
0
3161
0
15
0
518
0
3161
0
15
0
518
0
3161
0
15
0
518
0
3161
0
15
0
518
0
3161
0
15
0
518
0
3161
0
15
0
518
0
3161
0
15
0
518
0
3161
0
15
0
518
0
3161
0
15
0
518
0
3161
0
15
0
518
0
3161
0
15
0
518
0
3161
0
15
0
518
0
3161
0
15
0
518
0
3161
0
15
0
518
0
3161
0
15
0
518
0
3161
0
15
0
518
0
2174
0
529
0
819
1137
0
0
1247
1025
3143
5641
0
0
0
7767
9307
3341
0
0
0
12297
5832
0
0
5728
2036
9935
0
0
0
10616
5907
3785
0
0
634
5831
3533
0
0
24
3340
441
164
0
0
0
3161
0
15
0
518
0
3161
0
15
0
518
0
3161
0
15
0
518
0
3161
0
15
0
518
0
3161
0
15
0
518
0
3161
0
15
0
518
0
3161
0
15
0
518
0
3161
0
15
0
518
0
3161
0
15
0
518
0
3161
0
15
0
518
0
3161
0
15
0
518
0
3161
0
15
0
518
0
3161
0
15
0
518
0
3161
0
15
0
518
0
3161
0
15
0
518
0
3161
0
15
0
518
0
3161
0
15
0
518
0
3042
0
79
0
552
526
0
0
1359
182
2008
3403
0
0
1213
3865
5186
1672
0
0
0
10248
7048
0
0
0
0
12947
3396
0
0
9103
1695
8396
0
0
0
10643
5201
2032
0
262
2213
4535
2301
0
0
0
3162
80
78
0
395
0
3161
0
15
0
518
0
3161
0
15
0
518
0
3161
0
15
0
518
0
3161
0
15
0
518
0
3161
0
15
0
518
0
3161
0
15
0
518
0
3161
0
15
0
518
0
3161
0
15
0
518
0
3161
0
15
0
518
0
3161
0
15
0
518
0
3161
0
15
0
518
0
3161
0
15
0
518
0
3161
0
15
0
518
0
3161
0
15
0
518
0
3161
0
15
0
518
0
3161
0
15
0
518
0
3161
0
15
0
518
0
1764
0
690
0
976
2684
0
0
1107
1943
4408
3899
0
0
0
8119
6853
0
0
0
0
12201
4425
0
0
7004
0
11392
0
42
1445
12667
627
4930
0
3779
4145
9176
1831
369
0
1757
3971
2222
500
0
0
0
3203
0
15
0
436
0
3161
0
15
0
518
0
3161
0
15
0
518
0
3161
0
15
0
518
0
3161
0
15
0
518
0
3161
0
15
0
518
0
3161
0
15
0
518
0
3161
0
15
0
518
0
3161
0
15
0
518
0
3161
0
15
0
518
0
3161
0
15
0
518
0
3161
0
15
0
518
0
3161
0
15
0
518
0
3161
0
15
0
518
0
3161
0
15
0
518
0
3161
0
15
0
518
0
3161
0
15
0
518
0
2894
0
159
0
596
863
0
0
1316
418
2341
4505
0
0
0
5316
6696
2024
0
0
0
11107
6527
0
0
1811
0
12421
915
0
0
11659
331
7143
0
2002
2787
11117
2046
1395
0
3294
4683
3720
419
0
0
207
3515
309
18
0
0
0
3161
0
15
0
518
0
3161
0
15
0
518
0
3161
0
15
0
518
0
3161
0
15
0
518
0
3161
0
15
0
518
0
3161
0
15
0
518
0
3161
0
15
0
518
0
3161
0
15
0
518
0
3161
0
15
0
518
0
3161
0
15
0
518
0
3161
0
15
0
518
0
3161
0
15
0
518
0
3161
0
15
0
518
0
3161
0
15
0
518
0
3161
0
15
0
518
0
3161
0
15
0
518
0
3161
0
15
0
518
0
1696
0
628
0
1058
2985
0
0
530
2276
4736
4242
0
0
0
8806
7528
853
0
0
0
12480
4580
0
0
8112
0
10492
0
0
0
12256
3868
3117
0
2678
3527
6468
1945
0
0
402
3527
695
160
0
0
0
3161
0
15
0
518
0
3161
0
15
0
518
0
3161
0
15
0
518
0
3161
0
15
0
518
0
3161
0
15
0
518
0
3161
0
15
0
518
0
3161
0
15
0
518
0
3161
0
15
0
518
0
3161
0
15
0
518
0
3161
0
15
0
518
0
3161
0
15
0
518
0
3161
0
15
0
518
0
3161
0
15
0
518
0
3161
0
15
0
518
0
3161
0
15
0
518
0
3161
0
15
0
518
0
3161
0
15
0
518
0
2923
0
143
0
587
1111
0
0
2418
327
3135
4421
0
0
0
6530
6782
0
0
0
0
11172
5772
542
0
0
0
12525
1654
0
0
10831
2821
7770
0
0
0
10903
5099
743
0
2018
4083
2456
498
0
0
0
3255
17
16
0
334
0
3161
0
15
0
518
0
3161
0
15
0
518
0
3161
0
15
0
518
0
3161
0
15
0
518
0
3161
0
15
0
518
0
3161
0
15
0
518
0
3161
0
15
0
518
0
3161
0
15
0
518
0
3161
0
15
0
518
0
3161
0
15
0
518
0
3161
0
15
0
518
0
3161
0
15
0
518
0
3161
0
15
0
518
0
3161
0
15
0
518
0
3161
0
15
0
518
0
3161
0
15
0
518
0
3161
0
15
0
518
0
2089
0
435
0
931
5043
0
0
0
3036
6288
4072
0
0
0
10133
6684
0
0
0
0
13108
3614
1119
0
5754
0
11444
0
0
0
11868
4441
4583
0
397
1038
8568
4259
0
0
177
3465
418
80
0
0
0
3161
0
15
0
518
0
3161
0
15
0
518
0
3161
0
15
0
518
0
3161
0
15
0
518
0
3161
0
15
0
518
0
3161
0
15
0
518
0
3161
0
15
0
518
0
3161
0
15
0
518
0
3161
0
15
0
518
0
3161
0
15
0
518
0
3161
0
15
0
518
0
3161
0
15
0
518
0
3161
0
15
0
518
0
3161
0
15
0
518
0
3161
0
15
0
518
0
3161
0
15
0
518
0
3161
0
15
0
518
0
2894
0
159
0
596
519
0
0
884
360
1962
6116
0
0
0
6130
9058
4846
0
0
0
12156
6987
1726
0
3889
0
12092
0
0
0
11291
0
8028
0
1890
2630
11576
2805
1803
0
2910
3897
4807
1570
0
0
0
3203
0
15
0
436
0
3161
0
15
0
518
0
3161
0
15
0
518
0
3161
0
15
0
518
0
3161
0
15
0
518
0
3161
0
15
0
518
0
3161
0
15
0
518
0
3161
0
15
0
518
0
3161
0
15
0
518
0
3161
0
15
0
518
0
3161
0
15
0
518
0
3161
0
15
0
518
0
3161
0
15
0
518
0
3161
0
15
0
518
0
3161
0
15
0
518
0
3161
0
15
0
518
0
3161
0
15
0
518
0
3101
0
47
0
535
0
745
0
1133
0
1313
2032
0
0
1949
2156
4073
3472
0
0
0
8950
8231
921
0
0
0
12580
4814
13
0
8409
0
10103
0
0
386
12364
2146
3826
0
3241
3899
7300
1595
0
0
1378
3983
1248
179
0
0
0
3161
0
15
0
518
0
3161
0
15
0
518
0
3161
0
15
0
518
0
3161
0
15
0
518
0
3161
0
15
0
518
0
3161
0
15
0
518
0
3161
0
15
0
518
0
3161
0
15
0
518
0
3161
0
15
0
518
0
3161
0
15
0
518
0
3161
0
15
0
518
0
3161
0
15
0
518
0
3161
0
15
0
518
0
3161
0
15
0
518
0
3161
0
15
0
518
0
3161
0
15
0
518
0
3161
0
15
0
518
0
2878
0
128
0
625
1641
0
0
883
848
2968
4430
0
0
0
5761
6175
958
0
0
0
11435
5874
0
0
3005
0
12579
1083
0
0
11741
1083
6366
0
1832
2374
10528
3073
1027
0
1830
3822
2918
785
0
0
0
3265
29
16
0
314
0
3161
0
15
0
518
0
3161
0
15
0
518
0
3161
0
15
0
518
0
3161
0
15
0
518
0
3161
0
15
0
518
0
3161
0
15
0
518
0
3161
0
15
0
518
0
3161
0
15
0
518
0
3161
0
15
0
518
0
3161
0
15
0
518
0
3161
0
15
0
518
0
3161
0
15
0
518
0
3161
0
15
0
518
0
3161
0
15
0
518
0
3161
0
15
0
518
0
3161
0
15
0
518
0
3131
0
31
0
526
0
1701
0
578
0
1089
3447
0
0
0
2744
5446
4956
0
0
0
9278
7757
1065
0
0
0
12275
3357
0
0
9238
0
9600
0
0
674
12065
2812
2804
0
3250
4090
5813
1404
0
0
504
3593
687
129
0
0
0
3161
0
15
0
518
0
3161
0
15
0
518
0
3161
0
15
0
518
0
3161
0
15
0
518
0
3161
0
15
0
518
0
3161
0
15
0
518
0
3161
0
15
0
518
0
3161
0
15
0
518
0
3161
0
15
0
518
0
3161
0
15
0
518
0
3161
0
15
0
518
0
3161
0
15
0
518
0
3161
0
15
0
518
0
3161
0
15
0
518
0
3161
0
15
0
518
0
3161
0
15
0
518
0
3161
0
15
0
518
0
2560
0
320
0
706
941
0
0
1794
579
2676
4197
0
0
0
6016
6951
1496
0
0
0
11283
6401
147
0
2147
0
12054
64
0
0
11156
3207
6021
0
52
949
9423
3905
584
0
1155
3616
2059
592
0
0
0
3234
0
16
0
375
0
3161
0
15
0
518
0
3161
0
15
0
518
0
3161
0
15
0
518
0
3161
0
15
0
518
0
3161
0
15
0
518
0
3161
0
15
0
518
0
3161
0
15
0
518
0
3161
0
15
0
518
0
3161
0
15
0
518
0
3161
0
15
0
518
0
3161
0
15
0
518
0
3161
0
15
0
518
0
3161
0
15
0
518
0
3161
0
15
0
518
0
3161
0
15
0
518
0
3161
0
15
0
518
0
3161
0
15
0
518
37
1925
0
263
101
1150
3721
0
0
0
2652
5154
4280
0
0
0
9269
7124
507
0
0
0
12680
4335
0
0
8543
0
10434
0
0
0
12281
4125
2809
0
2774
3621
6243
1912
0
0
147
3414
528
143
0
0
0
3161
0
15
0
518
0
3161
0
15
0
518
0
3161
0
15
0
518
0
3161
0
15
0
518
0
3161
0
15
0
518
0
3161
0
15
0
518
0
3161
0
15
0
518
0
3161
0
15
0
518
0
3161
0
15
0
518
0
3161
0
15
0
518
0
3161
0
15
0
518
0
3161
0
15
0
518
0
3161
0
15
0
518
0
3161
0
15
0
518
0
3161
0
15
0
518
0
3161
0
15
0
518
0
3161
0
15
0
518
0
3161
0
15
0
518
487
2688
0
0
525
1551
5584
957
0
0
4601
6856
7335
882
0
0
9735
6718
6653
0
4369
0
10890
1841
2151
2397
12169
0
6468
0
1696
1979
10959
3464
670
0
2161
4275
2115
290
0
0
0
3244
6
16
0
355
0
3161
0
15
0
518
0
3161
0
15
0
518
0
3161
0
15
0
518
0
3161
0
15
0
518
0
3161
0
15
0
518
0
3161
0
15
0
518
0
3161
0
15
0
518
0
3161
0
15
0
518
0
3161
0
15
0
518
0
3161
0
15
0
518
0
3161
0
15
0
518
0
3161
0
15
0
518
0
3161
0
15
0
518
0
3161
0
15
0
518
0
3161
0
15
0
518
0
3161
0
15
0
518
0
3161
0
15
0
518
0
3161
0
15
0
518
71
3665
0
0
482
1398
3650
6547
241
0
3684
5690
7652
10119
3621
0
6193
5696
10719
11133
8772
0
5502
997
7585
8237
9673
0
1753
0
3945
4417
5904
1496
0
0
0
3365
224
48
0
59
0
3161
0
15
0
518
0
3161
0
15
0
518
0
3161
0
15
0
518
0
3161
0
15
0
518
0
3161
0
15
0
518
0
3161
0
15
0
518
0
3161
0
15
0
518
0
3161
0
15
0
518
0
3161
0
15
0
518
0
3161
0
15
0
518
0
3161
0
15
0
518
0
3161
0
15
0
518
0
3161
0
15
0
518
0
3161
0
15
0
518
0
3161
0
15
0
518
0
3161
0
15
0
518
0
3161
0
15
0
518
0
3161
0
15
0
518
0
3161
0
15
0
518
0
3474
29
0
77
817
435
5291
834
0
1103
2483
2678
7230
2533
0
1787
2934
4908
8101
3865
0
1076
895
4357
6187
3172
0
0
0
1857
4277
1324
58
0
0
0
3182
0
15
0
477
0
3161
0
15
0
518
0
3161
0
15
0
518
0
3161
0
15
0
518
0
3161
0
15
0
518
0
3161
0
15
0
518
0
3161
0
15
0
518
0
3161
0
15
0
518
0
3161
0
15
0
518
0
3161
0
15
0
518
0
3161
0
15
0
518
0
3161
0
15
0
518
0
3161
0
15
0
518
0
3161
0
15
0
518
