2 121 16 2 1 16
19463294 -25184480 -64192980 -28065726 20556832 -31592344 -19847126 -34315596 -29826634 3139815 8178294 -28627926 -21004358 -29013958 -23707680 2954570
3872
0 -50199841 0
0 -14148636 0
0 -105669069 0
0 -152003007 0
0 -90474142 0
0 -146850577 0
0 -12527043 0
0 -65799376 0
0 -47421322 0
0 -140057588 0
0 -153820582 0
0 37255546 0
0 33190500 0
0 -4283155 0
0 -60482574 0
0 -30370888 0
0 -50199841 0
0 -14148636 0
0 -105669069 0
0 -152003007 0
0 -90474142 0
0 -146850577 0
0 -12527043 0
0 -65799376 0
0 -47421322 0
0 -140057588 0
0 -153820582 0
0 37255546 0
0 33190500 0
0 -4283155 0
0 -60482574 0
0 -30370888 0
0 -50199841 0
0 -14148636 0
0 -105669069 0
0 -152003007 0
0 -90474142 0
0 -146850577 0
0 -12527043 0
0 -65799376 0
0 -47421322 0
0 -140057588 0
0 -153820582 0
0 37255546 0
0 33190500 0
0 -4283155 0
0 -60482574 0
0 -30370888 0
0 -50199841 0
0 -14148636 0
0 -105669069 0
0 -152003007 0
0 -90474142 0
0 -146850577 0
0 -12527043 0
0 -65799376 0
0 -47421322 0
0 -140057588 0
0 -153820582 0
0 37255546 0
0 33190500 0
0 -4283155 0
0 -60482574 0
0 -30370888 0
0 -50199841 0
0 -14148636 0
0 -105669069 0
0 -152003007 0
0 -90474142 0
0 -146850577 0
0 -12527043 0
0 -65799376 0
0 -47421322 0
0 -140057588 0
0 -153820582 0
0 37255546 0
0 33190500 0
0 -4283155 0
0 -60482574 0
0 -30370888 0
15618130 -49275073 0
2636095 -14448364 0
10981850 -105720029 0
2187350 -149432335 0
4798640 -88844878 0
-741895 -146244049 0
811800 -12626259 0
4625005 -65562880 0
12918895 -46411066 0
15286645 -138524628 0
4437840 -153102774 0
13252635 37335418 0
-7263355 31884676 0
13306755 -3949731 0
-2550405 -60424958 0
-8884700 -30602184 0
63351897 4172987 0
624533 -20328326 0
56109683 -63169804 0
16208212 -91217663 0
8248807 -36092271 0
4087104 -125181162 0
1805664 -16756648 0
20991141 -41694601 0
45407782 -7066931 0
56449654 -68173577 0
15284633 -127138323 0
32569908 30550666 0
-9682147 8576164 0
49857616 -27049035 0
-23332630 -45680975 0
-13594458 -38103245 0
18486980 6292472 -5329656
-6293993 -15183153 -20926986
60158351 -41397964 79518327
-22088152 -67223934 -392283
-16775363 -3890206 -5251872
-16412692 -51126884 17878869
-11894158 -2685066 -21787404
-8773446 -34217109 89476167
31862705 -17105580 -48214452
-9129152 -21469993 -3622365
69109493 -62303381 -48199515
14254025 17918261 4240197
-10658592 -13081861 11682831
40663177 -47052528 -9001152
-27327998 -1589395 86987313
25757543 -31400131 -60011505
-46448455 -55756436 -102257535
4792308 -4926761 -11077617
39727653 -49247384 35416419
-17432037 -115147640 15328674
-26984551 -36759400 -103641414
4423588 -25276601 -12639120
-17527488 1054270 -19271334
-15998686 -37752487 -43755891
-4269051 -51553727 -9083517
13311937 -89546268 -6821877
6204588 -70439897 -95521605
-17370013 14318422 -444261
-29239600 11265128 -64730001
44236270 -21014688 -2971422
-48495514 -42809356 120320898
13840542 -14329743 41495745
0 -59206187 22415034
0 -6600848 -17719590
0 -65170797 64205133
0 -135073453 27383184
0 -69784798 -118928211
0 -108456514 26060682
0 -14862019 -41086425
0 -41125557 39149376
0 -43071036 7793793
0 -134994498 78105225
0 -135974565 40799979
0 26502835 3573231
0 33568435 -76024200
0 4676204 -11641974
0 -84717547 21495543
0 -23767256 56069895
0 -50199841 0
0 -14148636 0
0 -105669069 0
0 -152003007 0
0 -90474142 0
0 -146850577 0
0 -12527043 0
0 -65799376 0
0 -47421322 0
0 -140057588 0
0 -153820582 0
0 37255546 0
0 33190500 0
0 -4283155 0
0 -60482574 0
0 -30370888 0
0 -50199841 0
0 -14148636 0
0 -105669069 0
0 -152003007 0
0 -90474142 0
0 -146850577 0
0 -12527043 0
0 -65799376 0
0 -47421322 0
0 -140057588 0
0 -153820582 0
0 37255546 0
0 33190500 0
0 -4283155 0
0 -60482574 0
0 -30370888 0
0 -50199841 0
0 -14148636 0
0 -105669069 0
0 -152003007 0
0 -90474142 0
0 -146850577 0
0 -12527043 0
0 -65799376 0
0 -47421322 0
0 -140057588 0
0 -153820582 0
0 37255546 0
0 33190500 0
0 -4283155 0
0 -60482574 0
0 -30370888 0
0 -50199841 0
0 -14148636 0
0 -105669069 0
0 -152003007 0
0 -90474142 0
0 -146850577 0
0 -12527043 0
0 -65799376 0
0 -47421322 0
0 -140057588 0
0 -153820582 0
0 37255546 0
0 33190500 0
0 -4283155 0
0 -60482574 0
0 -30370888 0
0 -50199841 0
0 -14148636 0
0 -105669069 0
0 -152003007 0
0 -90474142 0
0 -146850577 0
0 -12527043 0
0 -65799376 0
0 -47421322 0
0 -140057588 0
0 -153820582 0
0 37255546 0
0 33190500 0
0 -4283155 0
0 -60482574 0
0 -30370888 0
0 -50199841 0
0 -14148636 0
0 -105669069 0
0 -152003007 0
0 -90474142 0
0 -146850577 0
0 -12527043 0
0 -65799376 0
0 -47421322 0
0 -140057588 0
0 -153820582 0
0 37255546 0
0 33190500 0
0 -4283155 0
0 -60482574 0
0 -30370888 0
57753490 -40201983 0
5428935 -16826619 0
41074830 -103361656 0
14068520 -130628870 0
11523280 -75525831 0
8691135 -141382613 0
5405240 -13479142 0
19949005 -62805841 0
44024075 -37387139 0
57810220 -124880142 0
2023965 -147372401 0
31674770 37475546 0
-14179040 22286154 0
45817980 -3790486 0
-19521795 -59859619 0
-24128680 -32383328 0
78973783 8598642 -3832416
-7245531 -13091469 -8018418
125851698 -54024512 43479672
8905094 -53858433 -5406444
-9384693 -19339440 9451772
-15347421 -100361216 13139712
-3476536 -16334298 -6855006
32951173 -31064725 24488682
66903943 -19090020 -3725960
81656423 -45729114 186298
47592973 -105212893 -19070832
59654626 25943340 12006716
1415153 6223450 619726
51268117 -16554603 -5893100
-16532035 -11929185 29024468
6203976 -46203327 -34959390
-4071027 14715301 -51709186
-2834502 -10928555 -22001282
96471348 -32803343 87968328
-55879293 -23636373 4373050
-54782041 -2360438 -35594624
3077321 -16199448 -889572
-25342582 1324240 -40326260
-26383360 -19134747 106068178
23521386 -7494914 -101340428
7635951 -6440181 -19011250
75748963 -30650230 -87865660
-7471335 9954380 -11494630
-19332433 -1511410 -3383322
60899195 -29929708 -34411648
-53898965 30202509 142914482
42342900 -12244050 -44291484
-37295226 -59667036 -111699298
6273252 866114 -24995696
33542118 -45104309 74069018
13752288 -89266640 -8541150
-39604251 -51761375 -246941954
21340122 -20518051 2709438
-13020690 6148145 -43769660
-7730562 -35298887 -54168106
12993156 -32580427 -38771662
31422789 -83965643 9478682
12139032 -39281747 -112452334
-25892280 10595672 436732
2841801 19749928 -90393290
25143540 5032312 -22302862
-57652368 -44794531 189140490
5475177 10232157 93659864
0 -64854237 14801748
0 -926173 -27768120
0 -57536522 78671628
0 -126354653 35313264
0 -76078948 -190659618
0 -117981164 52809186
0 -14395194 -48877368
0 -39155307 74850012
0 -35880511 9971076
0 -133530123 116874366
0 -126013265 35415246
0 25714735 -1073922
0 35513835 -94038018
0 18931229 -8169006
0 -92149472 -11276634
0 -17293831 52785726
0 -50199841 0
0 -14148636 0
0 -105669069 0
0 -152003007 0
0 -90474142 0
0 -146850577 0
0 -12527043 0
0 -65799376 0
0 -47421322 0
0 -140057588 0
0 -153820582 0
0 37255546 0
0 33190500 0
0 -4283155 0
0 -60482574 0
0 -30370888 0
0 -50199841 0
0 -14148636 0
0 -105669069 0
0 -152003007 0
0 -90474142 0
0 -146850577 0
0 -12527043 0
0 -65799376 0
0 -47421322 0
0 -140057588 0
0 -153820582 0
0 37255546 0
0 33190500 0
0 -4283155 0
0 -60482574 0
0 -30370888 0
0 -50199841 0
0 -14148636 0
0 -105669069 0
0 -152003007 0
0 -90474142 0
0 -146850577 0
0 -12527043 0
0 -65799376 0
0 -47421322 0
0 -140057588 0
0 -153820582 0
0 37255546 0
0 33190500 0
0 -4283155 0
0 -60482574 0
0 -30370888 0
0 -50199841 0
0 -14148636 0
0 -105669069 0
0 -152003007 0
0 -90474142 0
0 -146850577 0
0 -12527043 0
0 -65799376 0
0 -47421322 0
0 -140057588 0
0 -153820582 0
0 37255546 0
0 33190500 0
0 -4283155 0
0 -60482574 0
0 -30370888 0
0 -50199841 0
0 -14148636 0
0 -105669069 0
0 -152003007 0
0 -90474142 0
0 -146850577 0
0 -12527043 0
0 -65799376 0
0 -47421322 0
0 -140057588 0
0 -153820582 0
0 37255546 0
0 33190500 0
0 -4283155 0
0 -60482574 0
0 -30370888 0
2472582 -50199841 0
417333 -14148636 0
1738590 -105669069 0
346290 -152003007 0
759696 -90474142 0
-117453 -146850577 0
128520 -12527043 0
732207 -65799376 0
2045253 -47421322 0
2420103 -140057588 0
702576 -153820582 0
2098089 37255546 0
-1149897 33190500 0
2106657 -4283155 0
-403767 -60482574 0
-1406580 -30370888 0
76194988 -15230757 0
450969 -20289354 0
84239835 -84197161 0
24370682 -105224373 0
2459262 -51230795 0
21695129 -132844251 0
9970521 -15409601 0
38484535 -52449285 0
51526768 -17644260 0
103224716 -92944207 0
-23316475 -136420139 0
35825125 34688500 0
1002956 10780674 0
49624163 -15430573 0
-25362394 -55600536 0
-17560380 -35356149 0
60256427 8581532 -8462886
-15074522 -11135102 -28163330
139055288 -44110460 120061514
-17052052 -46915080 -3702428
-52417103 -3024739 11959352
-4499649 -67012377 32581342
-3097221 -9957066 -23971804
26430362 -29205581 102540962
62505180 -24449953 -33679978
66298615 -25228228 -386000
52152175 -77794707 -60487184
26747903 20829547 25087414
40174100 -5397093 6464280
9279473 -28453730 -7479578
-11053586 4679631 106553008
37365236 -44943565 -95423908
-19517060 -5439856 -147395962
8394995 -3171889 -27956965
85469396 -14782473 120573454
-32875933 -66144006 12484832
-89006061 -21685542 -116060078
35304369 -7299418 -19010416
-19693469 1982179 -65976975
-13561857 -12531696 77382845
43492507 -26171557 -142769988
55748805 -33218297 -33280453
38566739 -38296716 -180913924
-39912014 3638520 -31657986
10781056 22701472 -51661409
33418054 -35577097 -60462692
-73744138 19670923 252387558
17692227 -6417969 -9452325
-1186142 -57515932 -105318938
4576771 -3439998 -43540977
9133248 -58502837 148745251
45063219 -110886992 -6254491
-36214648 -96801823 -418089858
11577554 -77742883 24911449
-4756320 2127025 -88515871
10915573 -33097031 -29856281
41319209 -23730059 -50289939
31623976 -103958027 66893612
32686680 -54562003 -93849472
-17714380 10697176 12459886
40699594 34296232 -158066204
-17117857 19461496 -52775309
-32764230 -48878115 249587335
-11771668 24872157 163966375
-9230923 -65818525 6295842
12467 -6469853 -36293646
11914890 -92188426 79001220
-8901438 -129926813 33743964
-744458 -103547492 -230728623
3205800 -143603116 74161413
-3781063 -13423098 -50928228
-7170306 -55044587 96797622
-8452626 -46839039 5673870
-99736 -133077259 140864226
-28496 -116710033 37157232
-76583 28154735 4320777
-12588108 33159723 -107729763
17610528 36374301 2180583
-10146357 -91481888 -34387611
7403617 -19234119 45161298
0 -50199841 0
0 -14148636 0
0 -105669069 0
0 -152003007 0
0 -90474142 0
0 -146850577 0
0 -12527043 0
0 -65799376 0
0 -47421322 0
0 -140057588 0
0 -153820582 0
0 37255546 0
0 33190500 0
0 -4283155 0
0 -60482574 0
0 -30370888 0
0 -50199841 0
0 -14148636 0
0 -105669069 0
0 -152003007 0
0 -90474142 0
0 -146850577 0
0 -12527043 0
0 -65799376 0
0 -47421322 0
0 -140057588 0
0 -153820582 0
0 37255546 0
0 33190500 0
0 -4283155 0
0 -60482574 0
0 -30370888 0
0 -50199841 0
0 -14148636 0
0 -105669069 0
0 -152003007 0
0 -90474142 0
0 -146850577 0
0 -12527043 0
0 -65799376 0
0 -47421322 0
0 -140057588 0
0 -153820582 0
0 37255546 0
0 33190500 0
0 -4283155 0
0 -60482574 0
0 -30370888 0
0 -50199841 0
0 -14148636 0
0 -105669069 0
0 -152003007 0
0 -90474142 0
0 -146850577 0
0 -12527043 0
0 -65799376 0
0 -47421322 0
0 -140057588 0
0 -153820582 0
0 37255546 0
0 33190500 0
0 -4283155 0
0 -60482574 0
0 -30370888 0
0 -50199841 0
0 -14148636 0
0 -105669069 0
0 -152003007 0
0 -90474142 0
0 -146850577 0
0 -12527043 0
0 -65799376 0
0 -47421322 0
0 -140057588 0
0 -153820582 0
0 37255546 0
0 33190500 0
0 -4283155 0
0 -60482574 0
0 -30370888 0
25919666 -45811639 0
3691079 -15570903 0
18299062 -105910884 0
4576828 -139804674 0
6978832 -82742971 0
579019 -143972485 0
1727736 -12997842 0
8126237 -64677157 0
20846675 -42627463 0
25572578 -132783398 0
5087391 -150414445 0
19250088 37634554 0
-10046786 26994114 0
21547302 -2700994 0
-5830143 -60209175 0
-13363552 -31468432 0
70896453 5585894 0
-4839287 -17497709 0
138804256 -59315902 0
15516848 -76364449 0
-7991627 -27183476 0
-800983 -113087730 0
2942458 -16560416 0
46566093 -38194469 0
46639777 -11765454 0
126847224 -59508630 0
-7920702 -119318741 0
67451603 29144720 0
5995130 7128014 0
36811162 -23894651 0
1409709 -34121711 0
-1709660 -42190963 0
23809019 12052745 -4394490
-8999289 -10518245 -27248723
131947869 -34571737 79659416
-63608825 -36921361 6061352
-71061339 -1734588 -38928746
-129029 -36669320 8489108
-17932306 -2125590 -36760851
-6354377 -22543987 146297745
20875164 -16832382 -113933442
45484552 -9717107 -11875581
70375882 -45397262 -68964758
21187247 13179540 -26693942
24628683 -6707694 30199437
-795666 -33949476 -17628012
9081943 25115147 130257460
48945642 -26090502 -52272509
-12878873 -57676828 -137910437
8506392 4927658 -28122510
47623621 -56584966 83260980
19602867 -60258932 -21342919
-75905407 -54629800 -320409486
65604215 -12523028 -17548818
-13097213 4041622 -74080087
-6735743 -25798056 19984486
18535948 -57498602 -197020804
73802062 -78452658 -33145806
11437420 -32117500 -225622540
-48562844 7347416 -114841451
42237951 26168440 -14831710
8030683 24013222 -79463736
-67481662 2316818 275647471
4961094 1038122 95153345
27392964 -58888584 -57696491
-1477429 -4156978 -50494019
2432445 -71168149 175973108
36854480 -99873576 -6600924
-16285832 -90345707 -562168117
25901470 -95011835 70303522
10082204 -8769815 -96777241
11142822 -40598487 32953084
31346639 -16697031 -47368994
20136001 -134191319 123209331
17123215 -104051275 -108590417
-6662695 23311952 -46860778
47829619 50235152 -116269217
-21048559 36775928 -74070446
-13516270 -85875883 157903564
-3445868 9694373 163760043
-12978971 -59038513 -9153512
2310010 -3974637 -30378670
6118011 -95185562 62198050
-203475 -138339201 31861980
-11894393 -103733044 -221553994
-2812564 -170883728 73616388
-4609782 -11201614 -35208136
10226 -65433203 102206152
6883251 -32735763 10237396
5611507 -138436507 123971557
2767044 -139791517 -122561
-8116597 37882363 -13091986
-1780576 37263271 -71242486
2394746 19093325 1333306
-11640752 -69481692 -71720634
-1379332 -18926483 14467957
0 -50199841 0
0 -14148636 0
0 -105669069 0
0 -152003007 0
0 -90474142 0
0 -146850577 0
0 -12527043 0
0 -65799376 0
0 -47421322 0
0 -140057588 0
0 -153820582 0
0 37255546 0
0 33190500 0
0 -4283155 0
0 -60482574 0
0 -30370888 0
0 -50199841 0
0 -14148636 0
0 -105669069 0
0 -152003007 0
0 -90474142 0
0 -146850577 0
0 -12527043 0
0 -65799376 0
0 -47421322 0
0 -140057588 0
0 -153820582 0
0 37255546 0
0 33190500 0
0 -4283155 0
0 -60482574 0
0 -30370888 0
0 -50199841 0
0 -14148636 0
0 -105669069 0
0 -152003007 0
0 -90474142 0
0 -146850577 0
0 -12527043 0
0 -65799376 0
0 -47421322 0
0 -140057588 0
0 -153820582 0
0 37255546 0
0 33190500 0
0 -4283155 0
0 -60482574 0
0 -30370888 0
0 -50199841 0
0 -14148636 0
0 -105669069 0
0 -152003007 0
0 -90474142 0
0 -146850577 0
0 -12527043 0
0 -65799376 0
0 -47421322 0
0 -140057588 0
0 -153820582 0
0 37255546 0
0 33190500 0
0 -4283155 0
0 -60482574 0
0 -30370888 0
5977138 -50199841 0
1008847 -14148636 0
4202810 -105669069 0
837110 -152003007 0
1836464 -90474142 0
-283927 -146850577 0
310680 -12527043 0
1770013 -65799376 0
4944127 -47421322 0
5850277 -140057588 0
1698384 -153820582 0
5071851 37255546 0
-2779723 33190500 0
5092563 -4283155 0
-976053 -60482574 0
-3400220 -30370888 0
55418056 -24126349 0
1662485 -19930478 0
46194245 -93542437 0
15672606 -109978169 0
6895698 -57188323 0
9861181 -134918851 0
4466659 -14752389 0
20522563 -57059101 0
39745666 -23150800 0
55525780 -103459219 0
1188165 -139808843 0
25061787 36453916 0
-6800716 11620466 0
42097841 -9649649 0
-21743856 -58857844 0
-15149204 -34575833 0
40400666 7993948 -11752272
-14114797 -11189626 -24588831
137462836 -46024828 133332324
-3391520 -47225476 -16579098
-35348346 -2231479 28984274
-2216633 -73542621 40293504
-1036262 -12517578 -21021177
32280135 -30467213 75095619
37312629 -24108205 -11425820
83453508 -31530756 571291
9985285 -89096827 -58481544
33497351 23384743 36819122
27120234 -2898241 1900417
14864393 -25902926 -18071450
-7171435 -2878801 89004806
32704482 -49154293 -107204505
19652972 -7064342 -151045825
6596533 -2413998 -23206032
89063964 -16904826 130592374
-49939337 -78375967 3526053
-74475398 -27786169 -68848478
31876768 -13946566 -25449580
-12609962 2717718 -72395383
-9220808 -15896607 110290412
49556980 -28578524 -167988972
55770548 -40069479 -45724696
41579404 -46005397 -166443290
-18474790 5218480 -16741665
7455727 28031154 -46282862
33217316 -41112734 -88526632
-48157390 24242756 241682973
13932322 -6305453 -36863051
11993674 -64541061 -142498306
5385936 -4700158 -39036781
46848976 -64389773 137861468
56700859 -135321159 -72949469
-45688898 -113608750 -500355255
4951973 -92628650 2474592
-8402374 2391721 -118912110
22254629 -38090239 -17145847
61475127 -24851846 -213923469
65900229 -120576357 11030529
51515170 -65302271 -145018532
3520328 12030550 -39470310
47828258 41275804 -113632483
-14286440 17454091 -135828533
-32748301 -59812485 325398341
-15492382 29878766 198422079
-7076098 -67039876 -38935794
-871930 -7877763 -61145315
34793465 -100145633 137988084
-27462180 -140868107 -40087607
-10051398 -115510082 -545495896
6616315 -168917574 116064342
-12583050 -16468734 -81281318
-18834924 -58046029 98775304
-15824607 -50850251 -63345056
771444 -140195266 151846151
20962051 -128033860 -34658461
2657946 30372581 10230040
-21476167 34038725 -113295175
34967783 40566960 -45487634
-16015081 -97119452 50108904
19883500 -23952932 105052726
-2639510 -47731206 -26936640
399938 -17596521 -25022086
8506788 -116421222 11304531
7506390 -156803146 4302832
-5565239 -93729080 -145194550
13390406 -149600213 67091657
-794700 -12412467 -8353173
-3298014 -70502377 78148914
-1020138 -52130832 -5250209
8848845 -140819327 80562716
2730480 -157056740 -9414070
-3275100 38553866 2367484
4253259 32060298 -36551483
8318288 -7307907 23172045
-14011934 -56219983 -84001600
3756289 -33481926 -24109302
0 -50199841 0
0 -14148636 0
0 -105669069 0
0 -152003007 0
0 -90474142 0
0 -146850577 0
0 -12527043 0
0 -65799376 0
0 -47421322 0
0 -140057588 0
0 -153820582 0
0 37255546 0
0 33190500 0
0 -4283155 0
0 -60482574 0
0 -30370888 0
0 -50199841 0
0 -14148636 0
0 -105669069 0
0 -152003007 0
0 -90474142 0
0 -146850577 0
0 -12527043 0
0 -65799376 0
0 -47421322 0
0 -140057588 0
0 -153820582 0
0 37255546 0
0 33190500 0
0 -4283155 0
0 -60482574 0
0 -30370888 0
0 -50199841 0
0 -14148636 0
0 -105669069 0
0 -152003007 0
0 -90474142 0
0 -146850577 0
0 -12527043 0
0 -65799376 0
0 -47421322 0
0 -140057588 0
0 -153820582 0
0 37255546 0
0 33190500 0
0 -4283155 0
0 -60482574 0
0 -30370888 0
0 -50199841 0
0 -14148636 0
0 -105669069 0
0 -152003007 0
0 -90474142 0
0 -146850577 0
0 -12527043 0
0 -65799376 0
0 -47421322 0
0 -140057588 0
0 -153820582 0
0 37255546 0
0 33190500 0
0 -4283155 0
0 -60482574 0
0 -30370888 0
36301838 -43686451 0
4474297 -16259701 0
25703738 -106027994 0
7372732 -133897072 0
8772720 -78998797 0
2651645 -142578637 0
2806664 -13225848 0
11839427 -64133671 0
28593501 -40305817 0
36022178 -129260538 0
4809261 -148764867 0
24170780 37818106 0
-12029898 23993230 0
29632662 -1934760 0
-9789801 -60076769 0
-17311728 -31999968 0
65852695 3764132 0
-4733340 -18638195 0
103873294 -58673962 0
11648298 -82633013 0
-3777311 -21602358 0
-7492748 -106652106 0
-1320716 -15555304 0
30595510 -41796733 0
49002504 -10368260 0
80000281 -61016264 0
23562260 -121483593 0
51668302 30304540 0
-369339 4116610 0
42646531 -30765531 0
-10642128 -42711143 0
407364 -42996671 0
-7337978 10842171 -2455557
-7774696 -9231217 -37203770
136682372 -28087621 101603303
-54997021 -42169463 21792844
-57997652 4297664 -21274226
-7819375 -40198934 19353529
-18319428 -3994680 -31483063
-3596606 -20559775 164308094
5082096 -19255116 -80437551
52325975 -11208455 -2325865
41963946 -53651480 -68564768
28341006 13934014 3319383
4988937 -8744580 16023505
11574063 -39038636 13193699
4056741 22052965 148802646
48070046 -32158440 -78288211
25033524 -68264924 -152350478
8071799 4754294 -27866304
61703643 -69561532 73645759
4976405 -75175436 11046890
-62421453 -64724889 -268698080
63298963 -13118594 -30962078
-9086072 4780370 -75792555
1987511 -31472673 26391758
26912542 -70948910 -198507454
89976032 -94998051 -31139075
1520550 -41014273 -236270588
-31425085 8960070 -131595783
28554105 31436254 -31259958
24568365 25499550 -62361027
-55979003 4417150 290330163
-2549029 -114865 91243948
58560428 -68958367 -52647106
-6415323 -4668264 -41744487
34912963 -87477392 191195517
48463170 -107147757 -23318150
-27931504 -105907421 -629316309
29350656 -113373343 43684068
11480740 -11103856 -126718280
20559500 -46698199 14095951
64558215 -20030794 -117203534
34877460 -156544792 104199310
45229568 -120865463 -131912118
-2607886 27808581 -106013032
66037312 57700947 -100473499
-10622718 50635113 -139071925
-31863884 -97119228 218094040
3815508 10695533 229607983
-31872018 -58460955 -16496043
3629124 -4812100 -40511091
37904020 -105826999 99317684
-15634407 -140634273 -3725998
-36046644 -109109775 -387864722
-647562 -188964877 95501269
-12646419 -13379403 -52086569
-6673548 -72468560 114546665
18927788 -31572381 -19776068
12866651 -146650108 133525907
14165561 -154924918 -30688575
-20755169 43250904 -16882119
-11135282 40707768 -63232964
25151861 22728568 -33288425
-42766873 -73515132 -45055690
10067454 -23631609 44821551
-10261583 -48252453 -18588018
2284146 -14369359 -11300646
3734199 -108099448 -5025521
3463245 -154734725 -2931384
-12081687 -90701248 -59960125
-1664240 -152318223 33246442
-3479386 -12084070 2112681
1583070 -68629756 36374392
8917947 -45548781 -5023345
6744821 -141303623 31897893
3079732 -159335210 -10249417
-8291381 39426442 2247249
2521290 33775156 -8883504
-1521086 -8783314 15746742
-10380544 -55148501 -49117591
-2903658 -31018031 -22402905
0 -50199841 0
0 -14148636 0
0 -105669069 0
0 -152003007 0
0 -90474142 0
0 -146850577 0
0 -12527043 0
0 -65799376 0
0 -47421322 0
0 -140057588 0
0 -153820582 0
0 37255546 0
0 33190500 0
0 -4283155 0
0 -60482574 0
0 -30370888 0
0 -50199841 0
0 -14148636 0
0 -105669069 0
0 -152003007 0
0 -90474142 0
0 -146850577 0
0 -12527043 0
0 -65799376 0
0 -47421322 0
0 -140057588 0
0 -153820582 0
0 37255546 0
0 33190500 0
0 -4283155 0
0 -60482574 0
0 -30370888 0
0 -50199841 0
0 -14148636 0
0 -105669069 0
0 -152003007 0
0 -90474142 0
0 -146850577 0
0 -12527043 0
0 -65799376 0
0 -47421322 0
0 -140057588 0
0 -153820582 0
0 37255546 0
0 33190500 0
0 -4283155 0
0 -60482574 0
0 -30370888 0
3594594 -50199841 0
606711 -14148636 0
2527530 -105669069 0
503430 -152003007 0
1104432 -90474142 0
-170751 -146850577 0
186840 -12527043 0
1064469 -65799376 0
2973351 -47421322 0
3518301 -140057588 0
1021392 -153820582 0
3050163 37255546 0
-1671699 33190500 0
3062619 -4283155 0
-586989 -60482574 0
-2044860 -30370888 0
70355452 -18305265 0
2683574 -20524632 0
62516479 -87294499 0
20210072 -108545603 0
7879712 -53059359 0
14941674 -133604351 0
7218929 -15099895 0
28819954 -54566809 0
50269979 -18832070 0
78796829 -97017213 0
-6497869 -138306011 0
33486960 35477840 0
-7444193 10784922 0
51456254 -14702587 0
-25517227 -58495042 0
-20837060 -34909955 0
60723849 8123964 -11381328
-11892510 -11025672 -23812719
134881277 -44237108 129123876
-7331568 -48191514 -16055802
-32346799 -2225265 28069426
-12630213 -70416023 39021696
-4392190 -11112258 -20357673
27606456 -29587693 72725331
60164289 -25125867 -11065180
69887200 -27475404 553259
49835476 -82767151 -56635656
42914831 21838413 35656978
19344989 -5107079 1840433
28901715 -28278108 -17501050
-12829633 1723383 86195494
26171862 -47554905 -103820745
-2369922 -4382864 -144615872
6169515 -3754076 -22800503
97093883 -16117496 115044682
-45050437 -67568607 8536904
-68607321 -21120839 -77880194
20426301 -7861182 -30478848
-22143824 2053606 -71884529
-16754127 -13449903 117702292
39811116 -26293868 -177714049
46754911 -33628491 -45855753
53897259 -40631407 -161330313
-14924812 4286108 -26208841
-12121122 22635854 -40912367
56499920 -38045458 -83456769
-64000985 21754998 239573738
20705589 -7182831 -25001202
279426 -73527033 -133991427
-788899 -5516187 -33492453
78675314 -72652041 112267774
37643718 -136978044 -82761221
-45875390 -106920420 -537521575
14083331 -82317891 -3288926
-7261854 4077339 -120030694
22298678 -45583887 -34334308
32893078 -28096356 -239631173
80077137 -127288206 6778598
13891282 -67358781 -152022130
3696532 15041250 -77844945
39121756 35084202 -92394769
-3764247 17468502 -148354073
-29633231 -69646269 313157530
5788820 27998805 229074046
135378 -70646436 -22896499
-1921602 -7725733 -57712985
53758207 -92856974 146183574
-38439622 -152681390 -64206460
-37650655 -101069360 -610104877
19323483 -169375207 123112326
-5886994 -19697569 -88528829
-8882589 -60356849 106171913
-6097708 -49543114 -91577980
25878757 -150245213 150678814
6993529 -150498818 -47822424
-4237761 34829558 -21321158
10126395 32003110 -79131091
-500393 29577571 -81843686
265361 -117872689 31104647
23878967 -33889056 117151810
4366094 -45418803 -40280492
4202966 -18334012 -27241596
-1004416 -114180005 9905277
27663254 -168520805 -13805624
-33036788 -85072912 -190909837
26331791 -155799209 78596506
132059 -14342313 -4311643
6021877 -71676294 91207330
19745693 -55889818 -16275967
30603222 -144208956 76690149
9730469 -175099730 -28291077
-21036378 41734738 5839495
42141484 29506284 -20209878
-27338792 -22091227 15919486
-14536112 -52328126 -101314139
-9038756 -43446976 -36809161
8066387 -47622421 -7914764
47439 -16738206 -4092924
-3837288 -109152879 -7517026
15907878 -155981727 -4923952
-3055423 -87601882 -12329878
10566598 -142504117 11581064
3484131 -12740073 3028586
3570224 -66698476 9554600
6040566 -50702632 -4637314
8010163 -140725838 7441478
2319240 -158366302 -1202102
-1980139 37615186 4970614
16436735 32302740 -2182004
-8904476 -10788265 9190192
-2475613 -57091104 -16218378
-3141516 -33324958 -10747814
0 -50199841 0
0 -14148636 0
0 -105669069 0
0 -152003007 0
0 -90474142 0
0 -146850577 0
0 -12527043 0
0 -65799376 0
0 -47421322 0
0 -140057588 0
0 -153820582 0
0 37255546 0
0 33190500 0
0 -4283155 0
0 -60482574 0
0 -30370888 0
0 -50199841 0
0 -14148636 0
0 -105669069 0
0 -152003007 0
0 -90474142 0
0 -146850577 0
0 -12527043 0
0 -65799376 0
0 -47421322 0
0 -140057588 0
0 -153820582 0
0 37255546 0
0 33190500 0
0 -4283155 0
0 -60482574 0
0 -30370888 0
0 -50199841 0
0 -14148636 0
0 -105669069 0
0 -152003007 0
0 -90474142 0
0 -146850577 0
0 -12527043 0
0 -65799376 0
0 -47421322 0
0 -140057588 0
0 -153820582 0
0 37255546 0
0 33190500 0
0 -4283155 0
0 -60482574 0
0 -30370888 0
34099276 -39458305 0
4761394 -17630092 0
24083984 -106260989 0
6152006 -122143663 0
9045056 -71549614 0
1011932 -139805521 0
2325552 -13679475 0
10752958 -63052384 0
27343366 -35686810 0
33670717 -122251668 0
6378069 -145482966 0
24945729 38183290 0
-12939871 18022852 0
28272963 -410307 0
-7890780 -59813342 0
-17389844 -33057480 0
66554676 4316587 -3029040
-7276961 -16437262 -6337545
116303655 -54720376 34365180
15761926 -71207823 -4273110
-7682088 -10676559 7470430
-1502174 -92317998 10385280
245162 -14929972 -5418015
36674301 -40031049 19355205
44404994 -14237807 -2944900
94874257 -53413945 147245
8226449 -114973683 -15073080
49645730 29470082 9489790
7367440 1423068 489815
38818483 -30754699 -4657750
-10130530 -35437867 22940170
5059810 -47244549 -27630975
29470775 1440024 -38083433
-6944666 -4880025 -38602655
144721345 -20613157 112358182
-52325465 -66712316 30735511
-62917596 -9450288 -22119124
11725697 -36275053 12276236
-11558107 -1890219 -35471352
2609703 -19415211 155262501
34259070 -25515857 -74522174
68501948 -27823301 -6026525
43653711 -59195591 -87032952
21125039 11700507 18215687
12283277 8338925 -11572805
29316372 -45053122 12746476
-17690634 23291492 176926859
41433635 -24690369 -76878434
29231723 -58461338 -148944887
8294272 2542840 -30796756
76590076 -65403916 96228137
18229028 -82383170 3009331
-72591939 -86235947 -281229497
45535971 -48028534 -24858951
-11758373 1841742 -90233268
9267897 -25391253 27578907
64601127 -56043464 -210582191
89654790 -95431033 -19098033
38073470 -44807289 -220820197
-25586512 7242950 -124596300
35642182 38803938 -51578775
27173533 29964166 -79021733
-71159618 556834 304634587
-5697954 9870287 101138828
11849247 -64897221 -66250488
-4128229 -10079034 -39605876
68993033 -99724399 201604398
19849066 -118411003 -41084508
-38334067 -117004811 -635680013
6310692 -121568354 44996553
-3606978 -7916189 -128496076
11702693 -55910543 2506506
38992716 -21359341 -117896226
42381736 -146516510 96690207
43277657 -107150921 -131254019
10827024 26972411 -86614579
37351861 50059177 -106174833
-3866894 46137617 -157038467
-20999948 -98416317 218660083
15472866 12476435 225968327
-26952674 -61062169 -21174714
4613649 -4184569 -43001112
29142167 -99029082 91544278
-25916962 -145872305 -12269262
-34695385 -104697542 -375041124
13031090 -185919197 102139044
-14682956 -14271240 -49371652
-14964072 -68535198 128415842
-7635085 -38931577 -23949606
16552320 -142844713 135736346
6187473 -151725844 -9223770
-20644887 40652888 10486830
-10049166 35175658 -72455912
17082967 19568196 -27238132
-24998486 -76309325 -60056604
10907319 -28664551 30739624
11139773 -46748933 -22628540
301698 -16964334 -12019392
-5414925 -110257791 -19115756
24356529 -157227119 -12453760
-5828251 -87528186 -41083746
15779104 -144315669 34248346
4907622 -12585609 7718216
5547542 -67810492 29938348
10014615 -50181416 -12154428
12768145 -141230462 23988338
3810372 -160687518 -4833862
-3823633 38449842 12437854
25059770 32473044 -6945554
-13591574 -12837161 25177042
-4781848 -54901520 -48443450
-5033586 -33731294 -30194318
0 -50199841 0
0 -14148636 0
0 -105669069 0
0 -152003007 0
0 -90474142 0
0 -146850577 0
0 -12527043 0
0 -65799376 0
0 -47421322 0
0 -140057588 0
0 -153820582 0
0 37255546 0
0 33190500 0
0 -4283155 0
0 -60482574 0
0 -30370888 0
0 -50199841 0
0 -14148636 0
0 -105669069 0
0 -152003007 0
0 -90474142 0
0 -146850577 0
0 -12527043 0
0 -65799376 0
0 -47421322 0
0 -140057588 0
0 -153820582 0
0 37255546 0
0 33190500 0
0 -4283155 0
0 -60482574 0
0 -30370888 0
0 -50199841 0
0 -14148636 0
0 -105669069 0
0 -152003007 0
0 -90474142 0
0 -146850577 0
0 -12527043 0
0 -65799376 0
0 -47421322 0
0 -140057588 0
0 -153820582 0
0 37255546 0
0 33190500 0
0 -4283155 0
0 -60482574 0
0 -30370888 0
6517366 -50066461 0
1100029 -14191866 0
4582670 -105676419 0
912770 -151632237 0
2002448 -90239152 0
-309589 -146763097 0
338760 -12541353 0
1929991 -65765266 0
5390989 -47275612 0
6379039 -139836488 0
1851888 -153717052 0
5530257 37267066 0
-3030961 33002160 0
5552841 -4235065 0
-1064271 -60474264 0
-3707540 -30404248 0
65026694 -6740517 0
1207588 -21673635 0
55395129 -74761018 0
19501538 -105529316 0
6728670 -44498511 0
13927820 -130549361 0
5891705 -15760372 0
25151120 -49625215 0
45884167 -10307795 0
67018976 -84046956 0
-2504538 -135198647 0
26750335 33535118 0
-5406364 9010794 0
48372431 -24866488 0
-26832873 -57741853 0
-16321412 -35687204 0
38327215 8390046 -8694003
-12263502 -10656879 -26454874
141918722 -40414088 117642481
-13506284 -50086035 -5755012
-37165141 -2001822 14397626
-14168402 -63998642 32626271
-3929434 -8323788 -22533293
28125986 -27715753 93858406
44134522 -27066336 -28569225
75760128 -19410600 -207611
31270057 -70245499 -57785536
44704270 18743178 26110473
21309980 -9483560 5433443
13850331 -33137667 -8994995
167062 10874481 99402594
31912122 -44357949 -93711665
10636512 -35769165 -143615419
5733312 -937815 -27444927
110004967 -45151215 121580222
-43114846 -74893835 6109358
-77691172 -42127356 -122381996
32397022 -7405334 -23921451
-17898661 3296210 -75005927
-4028077 -22957581 105516551
34807098 -51730216 -184146421
81387768 -65755743 -41235503
27029120 -43466138 -186060430
-13338782 6604222 -49375386
6412333 27080496 -35098608
34592643 -9663552 -79644976
-45516743 14517011 261251679
16880842 -5315446 -10405736
37660957 -71647634 -132119775
-2375493 -4588940 -36731589
76630864 -79720519 132043818
47759020 -124404452 -60149871
-57856884 -109392203 -569726501
34843636 -100125017 -164650
263065 -3695081 -126757700
27310076 -45681955 -11433383
56984446 -25140585 -225923228
88018871 -143520459 25112979
30117161 -95094067 -164094208
-4227248 21141322 -90550472
70958799 48799866 -99952249
-16669587 34513488 -148770900
-33910285 -82340465 312132992
3609331 19730751 233737668
55828 -63909573 -21770128
450073 -6547795 -61036075
45789627 -101317734 149764624
-18534818 -146221207 -48945709
-46782640 -109508858 -603353284
24204520 -182714280 123637738
-6986942 -16438234 -86335884
-8473483 -66206413 102665313
19753358 -39932341 -72178178
22646023 -148725811 157711397
25871057 -151401479 -49926467
-19918432 38706223 -18724994
17639836 37730723 -89905347
9264639 28526893 -63334396
-31582608 -93542322 42675193
17744810 -26713283 118187158
-9855141 -47150051 -33855392
4345800 -16491104 -25159760
4909743 -113369481 12505396
25102365 -160391097 4252532
-27590354 -90605918 -167717217
13260073 -155188545 73026169
-2765717 -12884549 -5961250
5565661 -71028230 89512188
21935238 -50633088 -3726650
23972916 -142360108 83377142
8934365 -164624182 -25765992
-18512649 40437422 -5416107
24589573 31894316 -26611025
-11092214 -12669249 19502383
-24727864 -53983878 -103061349
-7530063 -36034078 -33462606
812607 -49232513 -1488916
4779 -15120524 -769956
-386568 -106976573 -1414094
1602558 -153496255 -926288
-307803 -89396158 -2319482
1064478 -145219313 2178616
350991 -12606995 569734
359664 -66136816 1797400
608526 -48652826 -872366
806943 -140308388 1399882
233640 -155526630 -226138
-199479 37390522 935066
1655835 32857316 -410476
-897036 -6724579 1728848
-249393 -59209726 -3050982
-316476 -31479576 -2021866
0 -50199841 0
0 -14148636 0
0 -105669069 0
0 -152003007 0
0 -90474142 0
0 -146850577 0
0 -12527043 0
0 -65799376 0
0 -47421322 0
0 -140057588 0
0 -153820582 0
0 37255546 0
0 33190500 0
0 -4283155 0
0 -60482574 0
0 -30370888 0
0 -50199841 0
0 -14148636 0
0 -105669069 0
0 -152003007 0
0 -90474142 0
0 -146850577 0
0 -12527043 0
0 -65799376 0
0 -47421322 0
0 -140057588 0
0 -153820582 0
0 37255546 0
0 33190500 0
0 -4283155 0
0 -60482574 0
0 -30370888 0
0 -50199841 0
0 -14148636 0
0 -105669069 0
0 -152003007 0
0 -90474142 0
0 -146850577 0
0 -12527043 0
0 -65799376 0
0 -47421322 0
0 -140057588 0
0 -153820582 0
0 37255546 0
0 33190500 0
0 -4283155 0
0 -60482574 0
0 -30370888 0
44870328 -47731543 0
5771132 -14867519 0
31744756 -105392824 0
8779614 -146067290 0
11190176 -86509993 0
2640142 -145388809 0
3335168 -12774474 0
14475276 -65105155 0
35551480 -44852911 0
44453169 -136167268 0
6746343 -152093939 0
30842009 37375918 0
-15576163 30168566 0
36815871 -3842066 0
-11538054 -60328783 0
-21884276 -30917834 0
91091651 3615620 -4403952
-3039153 -15007229 -9214221
137715113 -59688169 49963884
14099244 -80676741 -6212718
348735 -40092562 10861334
-13867327 -122389599 15099264
-2147881 -17127039 -7877307
40531091 -35302815 28140729
68728774 -17590105 -4281620
110420815 -64173952 214081
35609835 -119678875 -21914904
79341153 27473868 13797302
-8949907 15752130 712147
61717078 -18121711 -6771950
-10074020 -24934334 33352946
-7426420 -40233261 -40172955
30898754 3118717 -56871628
-7031860 -9427737 -33857854
155271720 -43899403 112700306
-57781049 -65776908 21005758
-53746420 -37113116 -33971328
-7807893 -52622372 4268184
-25537698 83028 -43578262
-9967482 -26807710 144870413
32592582 -24004845 -99902379
51448014 -30270140 -15218278
88504877 -48151721 -101513319
37520954 11404100 4621091
-12916598 13764462 -12611942
59908843 -28976497 -13367029
-25434801 26620959 184139852
46256042 -13657662 -65948085
6147553 -70687435 -146833724
4900284 -755291 -32807751
115448240 -75098078 99682711
619334 -113420127 -14803127
-65452780 -99805762 -342168243
47897672 -62598072 -21998173
-18083906 4326512 -97414409
-1530227 -40683901 28912489
30762467 -49265805 -226377067
97996469 -112984814 -17517317
24827629 -52918145 -209906823
-9921096 11676088 -114004837
8505784 37349654 -55061000
58945382 25688934 -93949603
-75511404 -34708100 313622182
16480073 16831415 125668190
16352303 -70686170 -65630896
-4862578 -8013119 -43579399
77890569 -95491913 186293496
3011819 -138259091 -56035614
-45668672 -112496698 -658311126
14921378 -150402468 62026975
-3421784 -14763532 -124731691
9268709 -56247433 16699484
28084462 -34780581 -136317664
50252868 -155726092 104779533
34057642 -135023406 -130490256
9530948 31323937 -91807142
40563764 44450057 -94601818
-10513486 40237086 -151451555
-9640346 -109584490 188176969
21099479 -8770790 214052071
-15516542 -53094748 -25065569
5045016 -12236929 -42366392
24700366 -113029718 91676817
-9785702 -157161676 -18541933
-44320109 -98926566 -390104150
25267593 -176502205 103047792
-10787997 -14829549 -47592418
-9559137 -73226955 128700653
3756049 -47932832 -27455107
27646801 -145909551 130240346
10861409 -166094296 -20672750
-26218504 42649650 7210071
14147547 33511218 -62112398
151324 2140357 -32393702
-25903914 -66028759 -62116022
6198861 -36983390 28222323
11590831 -46849405 -25327966
740691 -16589082 -13619724
-5843040 -110090091 -20150708
29656998 -157028655 -13088048
-8971067 -88018978 -49042301
18561998 -145868077 38930395
5279799 -12481869 8145838
6887104 -68115364 34884082
13442310 -49365820 -13025708
16367855 -141321530 28272229
5062344 -160839022 -6142891
-5946311 38735938 12991967
30339715 32706036 -8144827
-16480828 -12518029 27604871
-7438361 -54595740 -55310037
-6493452 -33365698 -33516343
0 -50199841 0
0 -14148636 0
0 -105669069 0
0 -152003007 0
0 -90474142 0
0 -146850577 0
0 -12527043 0
0 -65799376 0
0 -47421322 0
0 -140057588 0
0 -153820582 0
0 37255546 0
0 33190500 0
0 -4283155 0
0 -60482574 0
0 -30370888 0
0 -50199841 0
0 -14148636 0
0 -105669069 0
0 -152003007 0
0 -90474142 0
0 -146850577 0
0 -12527043 0
0 -65799376 0
0 -47421322 0
0 -140057588 0
0 -153820582 0
0 37255546 0
0 33190500 0
0 -4283155 0
0 -60482574 0
0 -30370888 0
0 -50199841 0
0 -14148636 0
0 -105669069 0
0 -152003007 0
0 -90474142 0
0 -146850577 0
0 -12527043 0
0 -65799376 0
0 -47421322 0
0 -140057588 0
0 -153820582 0
0 37255546 0
0 33190500 0
0 -4283155 0
0 -60482574 0
0 -30370888 0
0 -50199841 0
0 -14148636 0
0 -105669069 0
0 -152003007 0
0 -90474142 0
0 -146850577 0
0 -12527043 0
0 -65799376 0
0 -47421322 0
0 -140057588 0
0 -153820582 0
0 37255546 0
0 33190500 0
0 -4283155 0
0 -60482574 0
0 -30370888 0
58850261 -59426243 -840672
-788227 -9785049 -1758906
54449440 -98613626 9537624
22037284 -192046480 -1185948
1089387 -112913786 2073324
23675904 -155398653 2882304
9122635 -11278022 -1503702
28127333 -67038556 5371794
38941993 -59701119 -817320
72116049 -158466307 40866
-22654888 -163843596 -4183344
14632844 34938636 2633772
4776026 53674344 135942
39078326 -14489716 -1292700
-28456129 -60667439 6366756
-11654142 -26979063 -7668630
140012802 -48719177 -14904039
-3160581 -1474660 -23180060
190124300 -79314699 88172651
12568560 -222433589 5091658
-24847861 -172710115 1655294
9948316 -207470929 19426681
10914397 -14744623 -20468035
62659542 -44979114 86534540
127759170 -70050501 -33166531
162652405 -163293393 -1720967
29885298 -162412704 -51694064
78562100 22698067 18171709
12957167 95406585 -855285
76633730 -7545685 -1329461
-37527931 -18299824 95726380
-11354709 -13053113 -66797347
89312250 -46999968 -111485362
1679872 -15873192 -24366981
189306022 -147908261 93561378
-31959926 -196374357 664487
-79153666 -251500792 -151092116
-20144709 -247066501 -21632173
-31930113 -5955412 -71634626
9832163 -56062307 89284506
137162891 -56988409 -187736618
88081127 -162974591 -31820489
163046082 -108152516 -165165057
42592584 17296849 -75422486
-6831353 96670937 -18548114
97707278 51608609 -75017145
-79958594 5205128 233384632
14852922 34978825 20785896
-36412280 -73595386 -109202402
-1519802 -25027764 -29282949
174890317 -198814742 122106046
-10693991 -160071768 -67069339
-81439866 -237224521 -563998481
11280567 -241424994 4071012
-41201923 -4481843 -117288954
-15183536 -93755035 -12231005
34737865 -44951045 -217218491
78860073 -168215054 22620048
82541656 -91267824 -166671009
-469075 31569756 -114352486
-17853757 57230798 -62299439
99128366 98391137 -158443605
-109104098 -82697335 262620755
50667662 29903906 221903374
-30915205 -65758627 -22168524
1549778 -12414058 -54904999
74997673 -138042817 137462007
-46804113 -151450357 -53929342
-50293012 -135328293 -575162494
30831268 -210646479 118311631
-17764248 -16408605 -76974432
-26829650 -84430942 105436263
-8924059 -51985457 -71362234
25277446 -150717810 142055856
16217672 -147352436 -54975296
-21520951 42806754 -20073537
-17495203 34875994 -67001510
49470948 45809134 -68108748
-51446678 -97788424 20042719
35443321 -32182301 99653589
-1628288 -46228677 -37073461
3863286 -16545125 -24662131
-442062 -112359854 3955740
29045466 -162849945 -3167500
-26494548 -88134324 -157516304
16789468 -156207007 72377405
-124402 -13139132 -1696907
7532556 -71256040 84917559
22504230 -50534811 -8459640
24992528 -143207333 75139827
8772160 -169192574 -26063647
-17601656 41329374 -299523
32790270 31671680 -21035592
-19542092 -16888292 22670471
-18361438 -52113351 -102827292
-9456684 -37788925 -39177823
2313864 -48825217 -2447094
13608 -15529740 -1265454
-1100736 -107527101 -2324121
4563216 -154124991 -1522392
-876456 -88942270 -3812163
3031056 -144532465 3580644
999432 -12640659 936381
1024128 -66278896 2954100
1732752 -49171354 -1433769
2297736 -140413988 2300763
665280 -156244966 -371667
-568008 37447354 1536819
4714920 32717028 -674634
-2554272 -7752547 2841432
-710136 -58673790 -5014413
-901152 -31946392 -3323019
0 -50199841 0
0 -14148636 0
0 -105669069 0
0 -152003007 0
0 -90474142 0
0 -146850577 0
0 -12527043 0
0 -65799376 0
0 -47421322 0
0 -140057588 0
0 -153820582 0
0 37255546 0
0 33190500 0
0 -4283155 0
0 -60482574 0
0 -30370888 0
0 -50199841 0
0 -14148636 0
0 -105669069 0
0 -152003007 0
0 -90474142 0
0 -146850577 0
0 -12527043 0
0 -65799376 0
0 -47421322 0
0 -140057588 0
0 -153820582 0
0 37255546 0
0 33190500 0
0 -4283155 0
0 -60482574 0
0 -30370888 0
0 -50199841 0
0 -14148636 0
0 -105669069 0
0 -152003007 0
0 -90474142 0
0 -146850577 0
0 -12527043 0
0 -65799376 0
0 -47421322 0
0 -140057588 0
0 -153820582 0
0 37255546 0
0 33190500 0
0 -4283155 0
0 -60482574 0
0 -30370888 0
-72225 0 1720796
-92685 0 -7900536
-393045 0 -5524470
-128760 0 369852
-304965 0 8753682
596625 0 3677800
-53520 0 -8133636
44985 0 115514
402570 0 -5587148
-1520535 0 10065258
184470 0 5395488
363450 0 -16443392
-187890 0 -12414388
-56385 0 -11994808
-250890 0 5027708
-395805 0 -326858
-72225 0 1720796
-92685 0 -7900536
-393045 0 -5524470
-128760 0 369852
-304965 0 8753682
596625 0 3677800
-53520 0 -8133636
44985 0 115514
402570 0 -5587148
-1520535 0 10065258
184470 0 5395488
363450 0 -16443392
-187890 0 -12414388
-56385 0 -11994808
-250890 0 5027708
-395805 0 -326858
-72225 0 1720796
-92685 0 -7900536
-393045 0 -5524470
-128760 0 369852
-304965 0 8753682
596625 0 3677800
-53520 0 -8133636
44985 0 115514
402570 0 -5587148
-1520535 0 10065258
184470 0 5395488
363450 0 -16443392
-187890 0 -12414388
-56385 0 -11994808
-250890 0 5027708
-395805 0 -326858
-72225 0 1720796
-92685 0 -7900536
-393045 0 -5524470
-128760 0 369852
-304965 0 8753682
596625 0 3677800
-53520 0 -8133636
44985 0 115514
402570 0 -5587148
-1520535 0 10065258
184470 0 5395488
363450 0 -16443392
-187890 0 -12414388
-56385 0 -11994808
-250890 0 5027708
-395805 0 -326858
-72225 0 1720796
-92685 0 -7900536
-393045 0 -5524470
-128760 0 369852
-304965 0 8753682
596625 0 3677800
-53520 0 -8133636
44985 0 115514
402570 0 -5587148
-1520535 0 10065258
184470 0 5395488
363450 0 -16443392
-187890 0 -12414388
-56385 0 -11994808
-250890 0 5027708
-395805 0 -326858
4441518 3611507 10057854
1812620 -2845332 -17256354
988679 -3303424 -13548512
1084511 4359939 -8575114
-8646313 7071392 15597728
11300191 -591971 29927314
-694189 -1592031 -18767244
-1574927 4029274 8840700
4187863 -1753331 -1414190
-2870740 4879325 22801710
22008450 -3319554 12762796
8698340 6550393 -31561208
-3230230 -8644067 -38703186
-5228955 285501 -25160464
-15877094 -6750405 -11783136
-3276005 -18109151 -24445432
-5935470 24074034 31032678
-5958058 -18479716 -26942770
-20989488 -22179761 -26649242
-8042824 50330702 -18657089
-14048766 92400882 37783526
41598886 -39897587 34292994
2164996 -10239943 -41362585
-14923719 67727529 65931915
18533732 -34890179 -4312341
-52637199 60939389 67034968
19049237 -56104402 59427283
22882395 45714646 -89355312
8977436 -41263152 -82495848
5533704 32568167 -84701756
-21409484 -37570259 -11285653
-12990882 -135648903 -67536339
64800166 -39519345 22994278
-5110174 -16623804 -21122215
-31061663 -8233801 -48715722
-17253655 77607700 -19832530
-81865500 122139052 35713732
154733440 -54662464 -29399289
-12459237 -31006363 -30234120
-31006002 -25762910 7608415
100400881 -36211763 -17225147
-154344785 -26128066 22212179
131436839 12472692 52181875
95084888 52273995 -102915352
-19668814 -41852059 -99962992
-43506268 -12972895 -74401507
-119924955 80284656 35296532
-69216907 -40362871 -12178588
-161683458 -93109291 -39113861
-26584364 5610384 -41960380
-83922572 9557143 -33862979
-31171156 68600764 22736399
-38902388 61654139 52075274
98225942 -38592589 15751112
-3760714 -27335747 -45559942
-9230752 -100240550 -67333253
39630498 -50555514 -31411186
-398443114 -7894390 33573184
11434912 20156154 -34807209
38835949 19917700 -43414807
1638092 -82458907 -110643361
-26635368 -6528458 -40591886
-16113866 42209224 25899844
-66999604 67630085 25436247
39795110 -36440391 4444568
-12126382 1854115 -4191811
-28435148 7338179 -3817205
56522834 24567173 -3277818
9388672 5651864 4705428
34713842 -14117472 1294979
-25312648 -10777701 -4677415
68259130 -22187907 5253093
10652078 -18395410 -2399058
-176446582 9083799 8044274
-72397706 4780828 8147779
47361882 -2278911 -13435077
37372652 -28751455 -5217550
5730457 1700252 -9565096
46074953 -6977877 3261983
-46291495 22038570 -3285168
-72225 0 1720796
-92685 0 -7900536
-393045 0 -5524470
-128760 0 369852
-304965 0 8753682
596625 0 3677800
-53520 0 -8133636
44985 0 115514
402570 0 -5587148
-1520535 0 10065258
184470 0 5395488
363450 0 -16443392
-187890 0 -12414388
-56385 0 -11994808
-250890 0 5027708
-395805 0 -326858
-72225 0 1720796
-92685 0 -7900536
-393045 0 -5524470
-128760 0 369852
-304965 0 8753682
596625 0 3677800
-53520 0 -8133636
44985 0 115514
402570 0 -5587148
-1520535 0 10065258
184470 0 5395488
363450 0 -16443392
-187890 0 -12414388
-56385 0 -11994808
-250890 0 5027708
-395805 0 -326858
-72225 0 1720796
-92685 0 -7900536
-393045 0 -5524470
-128760 0 369852
-304965 0 8753682
596625 0 3677800
-53520 0 -8133636
44985 0 115514
402570 0 -5587148
-1520535 0 10065258
184470 0 5395488
363450 0 -16443392
-187890 0 -12414388
-56385 0 -11994808
-250890 0 5027708
-395805 0 -326858
-72225 0 1720796
-92685 0 -7900536
-393045 0 -5524470
-128760 0 369852
-304965 0 8753682
596625 0 3677800
-53520 0 -8133636
44985 0 115514
402570 0 -5587148
-1520535 0 10065258
184470 0 5395488
363450 0 -16443392
-187890 0 -12414388
-56385 0 -11994808
-250890 0 5027708
-395805 0 -326858
-72225 0 1720796
-92685 0 -7900536
-393045 0 -5524470
-128760 0 369852
-304965 0 8753682
596625 0 3677800
-53520 0 -8133636
44985 0 115514
402570 0 -5587148
-1520535 0 10065258
184470 0 5395488
363450 0 -16443392
-187890 0 -12414388
-56385 0 -11994808
-250890 0 5027708
-395805 0 -326858
-53089 0 1737492
-70477 0 -7920472
-377413 0 -5538622
-86968 0 350932
-392261 0 8765570
704353 0 3732440
-59840 0 -8155068
29945 0 129858
425962 0 -5576532
-1497303 0 10086642
428150 0 5407744
439178 0 -16471264
-188642 0 -12471828
-98129 0 -12016856
-406890 0 4988852
-408813 0 -378466
13633846 16375192 23163930
271632 -10812082 -30575498
245189 -16278840 -30500496
-10858859 20754638 -21011116
-5739144 38211005 31529092
9205187 -7095550 67494314
-650571 -5437407 -36609390
-1698905 25324169 32114362
8943419 -9517676 23692
-17458424 27575209 55204938
8475703 -21162458 31194126
10361706 29733615 -62848060
-14352472 -35351150 -71217794
-8558287 9012490 -57741180
-13523692 -30255586 -26799318
-9032109 -80892541 -56709594
1838850 14266455 40652946
4261776 -36105719 -35382969
-13241412 -13996885 -25108016
-9315834 97800584 -25179187
-26612188 155260792 50686763
30880731 -89017786 -15712189
-740316 -30624639 -54870318
-6422130 92213288 114588941
18001677 -75117766 -8761419
-54239977 69239348 97448857
63806042 -72277500 100915901
31124703 57068956 -144374496
-36261460 -43136325 -102515571
-18893211 32958786 -127720134
-45338657 -7280102 20343322
-16349954 -177777675 -73620663
45529911 -60563363 12616777
-3435289 -14603782 -52743435
-38631059 -555191 -91773191
-77340742 116432178 -26685498
-83909465 166771763 73177583
145444495 -70546894 -5956265
-949822 -35219413 -60272235
-29598342 -111607025 -68294029
64050583 -61288896 -47673480
-233908627 -33026826 42972733
147620954 23832822 36131266
126941151 60613575 -150465538
-83648592 -49326911 -152241104
-52226873 -25238692 -99903901
-160921908 119030915 65706081
-78187345 1873666 16307928
-173022740 -116693956 -35459838
-34910120 784791 -55210467
-137005736 23832050 -20904259
-30821458 100558203 53831787
-42995943 47000283 58764602
118653165 -47547252 37465657
-10397650 -39570171 -51257708
-25232579 -108322810 -65274920
29308832 -49477581 -45086717
-513361043 -28334 33906061
9600813 45492562 -35555372
86727875 4612045 -46754772
-9842092 -72641640 -97930880
-28758603 -17010397 -37308034
-6377879 16883807 23802145
-73151960 72830988 39461642
40808360 -39286275 4457908
-14490450 -918613 -3875676
-35076771 11586016 -4061120
44720138 30008481 -4022788
-593559 -2628684 4558918
34136393 -15276266 677544
-26037299 -14472306 -4607610
90798807 -12685303 5012168
4151658 -13872725 -1891218
-207261073 9898028 7947674
-85139380 12813362 8012424
48184981 -7899974 -13433812
21301061 -20628215 -5480440
17933758 -1631019 -9620296
43313495 -16461477 3284638
-53582848 16345420 -3655008
-72225 0 1720796
-92685 0 -7900536
-393045 0 -5524470
-128760 0 369852
-304965 0 8753682
596625 0 3677800
-53520 0 -8133636
44985 0 115514
402570 0 -5587148
-1520535 0 10065258
184470 0 5395488
363450 0 -16443392
-187890 0 -12414388
-56385 0 -11994808
-250890 0 5027708
-395805 0 -326858
-72225 0 1720796
-92685 0 -7900536
-393045 0 -5524470
-128760 0 369852
-304965 0 8753682
596625 0 3677800
-53520 0 -8133636
44985 0 115514
402570 0 -5587148
-1520535 0 10065258
184470 0 5395488
363450 0 -16443392
-187890 0 -12414388
-56385 0 -11994808
-250890 0 5027708
-395805 0 -326858
-72225 0 1720796
-92685 0 -7900536
-393045 0 -5524470
-128760 0 369852
-304965 0 8753682
596625 0 3677800
-53520 0 -8133636
44985 0 115514
402570 0 -5587148
-1520535 0 10065258
184470 0 5395488
363450 0 -16443392
-187890 0 -12414388
-56385 0 -11994808
-250890 0 5027708
-395805 0 -326858
-72225 0 1720796
-92685 0 -7900536
-393045 0 -5524470
-128760 0 369852
-304965 0 8753682
596625 0 3677800
-53520 0 -8133636
44985 0 115514
402570 0 -5587148
-1520535 0 10065258
184470 0 5395488
363450 0 -16443392
-187890 0 -12414388
-56385 0 -11994808
-250890 0 5027708
-395805 0 -326858
-72225 0 1720796
-92685 0 -7900536
-393045 0 -5524470
-128760 0 369852
-304965 0 8753682
596625 0 3677800
-53520 0 -8133636
44985 0 115514
402570 0 -5587148
-1520535 0 10065258
184470 0 5395488
363450 0 -16443392
-187890 0 -12414388
-56385 0 -11994808
-250890 0 5027708
-395805 0 -326858
670055 530643 3687460
607387 -418068 -10235624
123357 -485376 -7207582
1047200 640611 -1848740
-3073829 1039008 10166914
4014491 -86979 10093960
-259942 -233919 -10653700
-429023 592026 1825994
1201446 -257619 -4355740
-969935 716925 12611922
7851698 -487746 6857592
2821604 962457 -19742064
-384192 -1270083 -19135236
-1471251 41949 -14623560
-5248470 -991845 495452
-893319 -2660799 -6373754
1742540 33671207 19418018
-2565390 -18721378 -35033144
-8848547 -31126157 -29276296
-3835405 47560027 -18935074
-6808807 89773146 45249886
19852713 -32097456 48576556
874587 -9795462 -46451782
-6853853 67182497 70584456
10436637 -29849646 -10004434
-20468248 71823152 94956108
8996124 -57910756 52961148
10871976 52034553 -88367112
3554610 -49922719 -66538036
2662581 36407802 -90625688
-10707992 -55470704 -2420730
-6438457 -154501458 -55598436
31933892 -4784703 45038807
-3640012 -42082748 -47863504
-13909968 -18287236 -54809205
-19228256 136865922 -41406694
-32548463 215792078 61402324
62593908 -120372529 -23557466
-5509038 -50971048 -57703212
-13380681 70604647 77402108
47221198 -91629076 -24116788
-83159801 60640101 104452191
43233296 -57858410 103717917
40084825 75748531 -178217984
-20254532 -41944547 -83488538
-23613658 32969718 -135086784
-47893170 40620661 62232042
-35028080 -183924674 -27270890
56797710 -111340779 11119563
-10462976 -5596918 -76809110
-83650804 11773098 -84945431
-72545661 144072083 4422742
-82551560 180870725 88783884
159113606 -79972052 34872258
551650 -51025167 -75480769
-38508133 -183401886 -121528346
139216688 -78780718 -60868395
-275038175 -30907543 42704905
118203566 48422292 1501773
113113769 57092082 -152255505
-106969959 -73638075 -128351294
-31667848 -24060838 -84483010
-125483744 129141385 67924468
-96929674 63609697 50104132
-152308489 -128773463 -18683468
-35252261 1729210 -49871387
-157881594 31794457 -1998330
-46015688 107378026 63020440
-76969906 28802114 46610498
121311761 -46465591 43965749
-8991579 -46567440 -41510904
-9127315 -108048776 -43747278
75621518 -46558201 -40482493
-485607451 14575590 24166464
15504652 56469746 -25515711
57965567 -8143443 -37617001
-58408751 -68353176 -54254162
296534 -13036910 -23472052
-10091250 -11632440 14213784
-79426573 78952473 37681961
22299889 -33325734 4457908
-11695977 -2299213 -3875676
-26172543 13720808 -4061120
14553565 25113260 -4022788
-18638304 -9659529 4558918
22298766 -10761888 677544
-16676900 -14911607 -4607610
105629274 -1546459 5012168
15445744 -6021024 -1891218
-180573462 9124396 7947674
-75060972 17194004 8012424
13758003 -11186873 -13433812
-14512573 -9706831 -5480440
32047186 -2387765 -9620296
24982891 -22887519 3284638
-54860281 8821353 -3655008
-72225 0 1720796
-92685 0 -7900536
-393045 0 -5524470
-128760 0 369852
-304965 0 8753682
596625 0 3677800
-53520 0 -8133636
44985 0 115514
402570 0 -5587148
-1520535 0 10065258
184470 0 5395488
363450 0 -16443392
-187890 0 -12414388
-56385 0 -11994808
-250890 0 5027708
-395805 0 -326858
-72225 0 1720796
-92685 0 -7900536
-393045 0 -5524470
-128760 0 369852
-304965 0 8753682
596625 0 3677800
-53520 0 -8133636
44985 0 115514
402570 0 -5587148
-1520535 0 10065258
184470 0 5395488
363450 0 -16443392
-187890 0 -12414388
-56385 0 -11994808
-250890 0 5027708
-395805 0 -326858
-72225 0 1720796
-92685 0 -7900536
-393045 0 -5524470
-128760 0 369852
-304965 0 8753682
596625 0 3677800
-53520 0 -8133636
44985 0 115514
402570 0 -5587148
-1520535 0 10065258
184470 0 5395488
363450 0 -16443392
-187890 0 -12414388
-56385 0 -11994808
-250890 0 5027708
-395805 0 -326858
-72225 0 1720796
-92685 0 -7900536
-393045 0 -5524470
-128760 0 369852
-304965 0 8753682
596625 0 3677800
-53520 0 -8133636
44985 0 115514
402570 0 -5587148
-1520535 0 10065258
184470 0 5395488
363450 0 -16443392
-187890 0 -12414388
-56385 0 -11994808
-250890 0 5027708
-395805 0 -326858
4319 0 1791754
-3853 0 -7985264
-330517 0 -5584616
38408 0 289442
-654149 0 8804206
1027537 0 3910020
-78800 0 -8224722
-15175 0 176476
496138 0 -5542030
-1427607 0 10156140
1159190 0 5447576
666362 0 -16561848
-190898 0 -12658508
-223361 0 -12088512
-874890 0 4862570
-447837 0 -546192
5293021 8849023 13065272
1882789 -6664758 -19813000
1790511 -8285240 -16877674
-817642 10827717 -11227348
-9307517 18229885 18321052
12218761 -2098645 37998568
-875198 -3639138 -22145560
-1575879 10909211 12521684
4241692 -4526419 -644420
-6607345 12756466 27807282
23165350 -9031572 16046126
10210762 16054820 -37278138
-5081646 -20615365 -46155726
-7359361 1833555 -30763394
-18054890 -16488339 -15977770
-4586089 -44192704 -31634942
-16572514 33842602 16362307
-2934412 -32161130 -44939984
-5352347 -23545500 -8001235
-13379089 89541531 -19923201
-3683152 150152554 50618356
12956011 -83450598 3346670
92021 -22324892 -59279983
-3642081 109298442 115634139
-3879375 -71648663 -9857965
-57364562 99361844 118077021
4337867 -91582906 78589940
13697098 56695391 -117595826
-3775386 -39011093 -94194444
-10403903 52940112 -113539080
-11393180 -40707587 9772149
-9809293 -197157218 -73777795
41993000 -16125288 26268651
880878 -33647729 -53218287
-29334581 -20421499 -62467873
4494810 164869944 -38287113
-39948531 246676130 71750090
80231612 -134288919 -52015177
-4190579 -56624193 -62107976
-15744270 -24308137 11865880
49907309 -101715759 -55802437
-72133705 56206016 88738890
86205719 -31728200 89846729
64475896 73002948 -182815437
-17886289 -9472807 -99783468
-11893146 30851750 -125641171
-65457667 91372932 95302729
-31495765 -119182151 4326167
-6698892 -141515019 -18966329
-27886754 1408430 -87846389
-85984779 35055590 -68334495
-82599714 151210545 41534626
-82789284 128728108 89940941
183901912 -65018555 78475385
-855007 -66601762 -72248122
-53430726 -216118883 -126757339
103878381 -58616493 -87510137
-327716829 -16214527 49604864
74547664 97373500 -21081346
105685554 21097516 -109029300
-28356385 -44193254 -110579378
-21955335 -24650296 -59696071
-110348522 81608094 57642822
-90297728 112063778 73990845
-80948547 -118018609 1188426
-33222911 24578 -30531256
-129878672 42140191 15165981
32073936 94830561 52408103
-55147140 -10450960 22603037
138326518 -32814239 35787128
-25887457 -49180258 -20731466
7502150 -72918747 -4352253
127957314 -26061128 -26916584
-424314776 30946164 11530899
-12713284 67272568 -3691184
49264534 -29342831 -20263242
11911929 -38226139 -3236071
-9382973 -7900214 -7764097
30112269 -58590690 1981762
-92678441 63374656 22302597
7561958 -18189063 2308318
-6949550 -4093146 -4777066
-11775694 13194210 -6070090
6911624 14788363 -4275193
-20473648 -16865087 6018048
14708830 -3531082 800784
-9147310 -12151317 -5593925
92156186 13705750 3366993
33002714 5356911 -3335733
-127231622 5807410 9343999
-53786122 19349718 7393459
-13335834 -13177771 -14231317
-22121076 7362834 -10210960
28522005 -3810986 -11163166
15306731 -25783104 4378788
-48534249 -3670597 -3009578
-72225 0 1720796
-92685 0 -7900536
-393045 0 -5524470
-128760 0 369852
-304965 0 8753682
596625 0 3677800
-53520 0 -8133636
44985 0 115514
402570 0 -5587148
-1520535 0 10065258
184470 0 5395488
363450 0 -16443392
-187890 0 -12414388
-56385 0 -11994808
-250890 0 5027708
-395805 0 -326858
-72225 0 1720796
-92685 0 -7900536
-393045 0 -5524470
-128760 0 369852
-304965 0 8753682
596625 0 3677800
-53520 0 -8133636
44985 0 115514
402570 0 -5587148
-1520535 0 10065258
184470 0 5395488
363450 0 -16443392
-187890 0 -12414388
-56385 0 -11994808
-250890 0 5027708
-395805 0 -326858
-72225 0 1720796
-92685 0 -7900536
-393045 0 -5524470
-128760 0 369852
-304965 0 8753682
596625 0 3677800
-53520 0 -8133636
44985 0 115514
402570 0 -5587148
-1520535 0 10065258
184470 0 5395488
363450 0 -16443392
-187890 0 -12414388
-56385 0 -11994808
-250890 0 5027708
-395805 0 -326858
-72225 0 1720796
-92685 0 -7900536
-393045 0 -5524470
-128760 0 369852
-304965 0 8753682
596625 0 3677800
-53520 0 -8133636
44985 0 115514
402570 0 -5587148
-1520535 0 10065258
184470 0 5395488
363450 0 -16443392
-187890 0 -12414388
-56385 0 -11994808
-250890 0 5027708
-395805 0 -326858
2070459 935902 5581633
1748495 -737352 -12454400
997456 -856064 -8865501
2770188 1129854 -3962589
-7610325 1832512 11557588
9615586 -153406 16227830
-606263 -412566 -13070663
-1201507 1044164 3521139
2587832 -454366 -3213349
-321467 1264450 15128265
20329452 -860244 8307970
6925563 1697498 -22954728
-940621 -2240062 -25505092
-3913030 73986 -17227824
-13503960 -1749330 -3767545
-1824078 -4692886 -12124261
-2672415 26603115 23805235
-1520209 -18317039 -25081964
-63350 -27101332 -25270911
-14725329 38780127 -16056185
-12081375 72655656 32487185
25907018 -17714105 42124782
-799001 -9073754 -35334331
-5779732 49412767 46938852
2920046 -19713550 -4038047
-50743826 49363783 57457677
22398688 -40785988 42863061
21664226 51255135 -70084639
-4428070 -58416958 -67317597
-15604453 19173939 -67049869
-28439341 -48680246 -13452128
-13970917 -138891148 -54457307
-18497898 2669913 22272223
-5924714 -47116173 -42673692
-27498849 -10452543 -40070257
5041202 141026175 -26058119
-2333872 215631860 61859239
25591098 -137337928 -20515820
-2876429 -47946127 -58299941
-5948298 107643091 101920378
11881181 -111466847 -23299617
-90416651 80514088 119493954
910102 -87160834 93346485
23009029 65446080 -150604546
4296357 -36645360 -95235067
-4177362 41704532 -137117103
2955331 27358688 49636379
-14930691 -200408326 -40894290
68589659 -55907253 14978460
-2331711 -16772627 -68793917
-11768493 -1950407 -86269342
-40332095 180775402 -29084591
-39747308 242288430 77492027
68471023 -133883063 -1984725
-7763520 -55353021 -66463291
-1772669 -153537467 -78592117
50771591 -120931604 -50258668
-115973114 42671056 60126772
46332617 -4371548 29975423
62664256 53122551 -164322372
-55092013 -6283573 -112575573
-34182165 17556492 -94736502
-68785134 130308521 83557143
-51375529 3814106 42580376
-31233683 -130076259 -12010039
-17023017 881192 -65730286
-117235636 48509548 -15648759
-62852712 140515353 62864161
-43078465 53215296 64578150
88782177 -37379477 58355484
7734647 -64938520 -57646314
-34346451 -201970634 -92318617
97835361 -26302678 -56411296
-289939320 4345054 26447755
36833352 123632510 -33320887
66043702 -14082564 -64815620
-101721435 -6446079 -62791549
3209530 -31384886 -29878674
-37672202 6714682 27458377
-64801227 109590903 49996870
-31443446 -88965786 2334797
-22170902 -9908623 -12574755
-102709769 51324571 5676392
-24619250 75872411 21066016
-63995946 -39552034 7942201
68575251 -21840892 18528483
-12224599 -44074259 -5920102
27973211 -4662068 16175134
56083472 -3309033 -15945067
-253772397 25405961 10365897
-14252675 66765408 11167951
30090620 -42060083 -10118239
-55333599 -1835807 1525941
29994142 -15742354 -7156283
2497183 -82792817 684100
-50024516 19756048 6746870
-6321148 -3813372 1747182
-2559128 -4264081 -6139657
-2859913 3944223 -6640368
-16644673 10638394 -3310595
-22976194 -9178263 7708760
805978 -4307698 883005
474443 -4070920 -7363741
59752184 10702781 -61587
20939768 3923453 -3415034
-56953856 280395 9665439
-24247282 9325730 5359228
-25275288 -6521780 -15972754
-35260116 9888597 -13143928
25174683 -6102226 -12101014
-3533494 -9128415 5032338
-26778426 -7566511 -2186471
-72225 0 1720796
-92685 0 -7900536
-393045 0 -5524470
-128760 0 369852
-304965 0 8753682
596625 0 3677800
-53520 0 -8133636
44985 0 115514
402570 0 -5587148
-1520535 0 10065258
184470 0 5395488
363450 0 -16443392
-187890 0 -12414388
-56385 0 -11994808
-250890 0 5027708
-395805 0 -326858
-72225 0 1720796
-92685 0 -7900536
-393045 0 -5524470
-128760 0 369852
-304965 0 8753682
596625 0 3677800
-53520 0 -8133636
44985 0 115514
402570 0 -5587148
-1520535 0 10065258
184470 0 5395488
363450 0 -16443392
-187890 0 -12414388
-56385 0 -11994808
-250890 0 5027708
-395805 0 -326858
-72225 0 1720796
-92685 0 -7900536
-393045 0 -5524470
-128760 0 369852
-304965 0 8753682
596625 0 3677800
-53520 0 -8133636
44985 0 115514
402570 0 -5587148
-1520535 0 10065258
184470 0 5395488
363450 0 -16443392
-187890 0 -12414388
-56385 0 -11994808
-250890 0 5027708
-395805 0 -326858
80863 0 1864799
84979 0 -8072484
-267989 0 -5646531
205576 0 206667
-1003333 0 8856216
1458449 0 4149070
-104080 0 -8318487
-75335 0 239231
589706 0 -5495585
-1334679 0 10249695
2133910 0 5501196
969274 0 -16683788
-193906 0 -12909808
-390337 0 -12184972
-1498890 0 4692575
-499869 0 -771977
13277342 14965102 17852788
3572180 -11248892 -24088144
4035920 -14025520 -22550328
-4685449 18321898 -15514611
-17786217 30895170 23197633
23409020 -3596170 51075224
-1738652 -6135372 -27875457
-3166715 18524414 19316512
9300777 -7671606 270939
-15533748 21631324 37158852
43318016 -15338968 21832262
20730945 27151600 -47198803
-13229133 -34822890 -57821549
-15937548 3183110 -40786655
-35792252 -27880646 -22080024
-10390074 -74723896 -43046163
-30085330 14062653 31385177
-7468204 -33602925 -33271628
-23113675 -18392246 -19360547
-25673305 92252203 -20416800
-7829251 162737424 45143111
30427943 -77196761 1667610
1941295 -20760124 -50622091
-11495986 106348583 100337925
3245062 -65282942 -6705209
-115068716 63694395 89264224
6037864 -80147588 82239662
27873313 72365651 -118005243
-9660658 -68581700 -96662349
-10309760 33334187 -109240245
-18137009 -19835054 5980514
-19841894 -194491462 -73780269
12094831 -29574438 -7166282
209365 -35390352 -57605998
-27044770 -32087295 -50380262
28245811 179902880 -23953800
-33648668 257154125 74825432
60851449 -160613325 -63729170
-11621703 -60893916 -66112412
941118 -16182153 27460667
26615891 -129378917 -51483332
-87105743 69073264 108276692
66303275 -54295120 68653086
50710772 77203562 -162331160
1380604 -36812096 -117369074
-15653019 39372619 -126937473
-36444911 102166306 97281823
-23654392 -121184525 12650476
-25069498 -114476575 -153348
-18697028 -1276293 -77433384
-37638246 39606049 -78397908
-52548292 159970539 7961737
-35581496 162936959 81805837
100486350 -94807673 66308364
4391312 -68756244 -66162527
-19294022 -211279267 -137122162
30471249 -93645551 -75407329
-195000437 23292121 43735323
21011073 61048200 -11862185
57842011 10378020 -119293697
9005802 -4344806 -87382458
-942573 2253282 -57475929
-61775137 93689219 62635395
-48686653 105728102 64840833
3140862 -104001988 1423369
-29626750 2639305 -39565427
-97444523 49334009 20024610
41303259 106819413 70891253
-32436425 -5844190 28281399
136158055 -13994914 50718243
-22929709 -48298867 -25056759
-27352581 -140103022 -6011218
119468609 -4811593 -37277064
-258690898 26683001 12803649
-17905322 104770224 -4894208
59127121 -33718573 -22965633
57100034 5182383 -224655
-1337618 -21536642 -7097302
26010275 -58361289 1642420
-66320350 84166076 31870273
-5486345 -46593090 2344219
-10423453 -13538925 -4398383
-27293054 34854555 -5456649
14871708 44640760 -3946426
-39584270 -48260885 5548436
51656574 -12243910 478803
-10175665 -32492730 -5259937
46080926 42128785 4445158
92188122 16233195 -2626560
-111312244 14035975 9017541
-18804888 54290670 7300733
-27620032 -37126690 -13531411
-5603607 26343105 -9831097
17383217 -14517350 -10865368
11203021 -69384135 3828272
-50294341 -15497065 -3330898
-7644552 0 1735064
588256 0 -7562409
5645048 0 -5785353
-2070942 0 -426942
-9670672 0 8596980
1083830 0 3017413
1619266 0 -8058975
28121210 0 -142171
27433046 0 -5043980
-14312422 0 9961938
-6521334 0 5250717
-25287268 0 -16442039
-14185850 0 -12695566
8847755 0 -12053848
-553233 0 5051939
-15836525 0 -722426
-72225 0 1720796
-92685 0 -7900536
-393045 0 -5524470
-128760 0 369852
-304965 0 8753682
596625 0 3677800
-53520 0 -8133636
44985 0 115514
402570 0 -5587148
-1520535 0 10065258
184470 0 5395488
363450 0 -16443392
-187890 0 -12414388
-56385 0 -11994808
-250890 0 5027708
-395805 0 -326858
-72225 0 1720796
-92685 0 -7900536
-393045 0 -5524470
-128760 0 369852
-304965 0 8753682
596625 0 3677800
-53520 0 -8133636
44985 0 115514
402570 0 -5587148
-1520535 0 10065258
184470 0 5395488
363450 0 -16443392
-187890 0 -12414388
-56385 0 -11994808
-250890 0 5027708
-395805 0 -326858
-72225 0 1720796
-92685 0 -7900536
-393045 0 -5524470
-128760 0 369852
-304965 0 8753682
596625 0 3677800
-53520 0 -8133636
44985 0 115514
402570 0 -5587148
-1520535 0 10065258
184470 0 5395488
363450 0 -16443392
-187890 0 -12414388
-56385 0 -11994808
-250890 0 5027708
-395805 0 -326858
2140475 806040 4848550
1184271 -635040 -11521202
694816 -737280 -8314610
1142540 973080 -3087919
-5460437 1578240 11092114
6966258 -132120 13741110
-474471 -355320 -12110097
-818979 899280 2982607
2239448 -391320 -3762937
-1638715 1089000 14310918
14080844 -740880 7850507
5285387 1461960 -21799002
-1611901 -1929240 -22785482
-3248278 63720 -16398270
-9860280 -1506600 -1865947
-1843422 -4041720 -9717657
15129689 31781916 26932368
-3044069 -18553434 -33293495
-6100920 -33327684 -31819346
-25599487 46116988 -21880728
-10380964 91409676 40657752
26020506 -26423252 58971659
-103759 -8400726 -44591464
-7612786 66254726 59077689
16503874 -25154970 -4036155
-58058078 65811960 77153121
9851215 -55486852 50104137
23754536 58730036 -84478562
-19737608 -61470974 -80066126
-13712405 32879308 -82303965
-25221159 -56955374 -18118402
-20141249 -159650426 -66764086
-15524879 -6277058 37083732
-6315183 -46412887 -39603473
-49277300 -19549430 -43129084
-449869 147181254 -30408031
-10098362 227552516 58879519
24192520 -137752314 -34270483
-711041 -56052091 -56003087
-8979123 89585833 96783487
34793675 -106574635 -21170618
-94374014 71610610 102531228
3545835 -71234130 104216032
17154792 76285162 -164495217
-23945022 -44863013 -98937610
7335370 39794750 -137646960
8402166 42656801 52727881
-16647696 -198757947 -42616929
53394824 -79579344 -10812250
3560158 -14240507 -77753101
-2093971 7191416 -79514401
-43457630 186096758 -11333632
-62015667 249419589 87085145
64330300 -139369364 -2453307
-6402709 -61707948 -75524505
12153808 -154757487 -90508381
39161686 -131952925 -59442416
-88751166 46339483 69660907
84087930 -6478812 9669465
51778050 53050968 -153404702
-71379535 -28244697 -137070374
-31708481 23736176 -94653300
-94090528 125697070 86231734
-44972248 16385911 51266514
-91604253 -122927465 -6115187
-12799293 -623506 -57719116
-71515342 45217868 -15756582
-59168926 148372154 50108720
-20982040 59063063 56133804
48446137 -52986478 54165588
8515551 -68854889 -49506270
-16091397 -208867775 -83647539
18521411 -41685414 -53663418
-277286842 20012386 23610741
23421287 114609924 -23949096
49002907 -20932247 -59953230
-65238661 9378423 -46557723
-15693966 -23553944 -25165004
-32443726 15396826 26413497
-44614353 113226212 44067626
10394308 -80722203 2014222
-15881626 -8704811 -14687375
-69754934 61892232 7787791
11779646 73559587 26536578
-16390446 -40291324 8878188
42684089 -8367310 22737439
-16408608 -41198686 -6353883
25730432 -25537191 17931071
8732319 5305263 -19590042
-192423601 24753264 10971084
-36852228 77204678 11969431
56850609 -46113886 -9667697
-8208088 14301747 3486364
14883265 -20671269 -6530376
22765773 -91484807 384901
-32750162 26483524 9207748
-2277054 -9051480 1730468
-2728668 -10121290 -5972578
-6652574 9362070 -6648908
-11293409 25251460 -3471696
-15494834 -21785670 7517830
5286140 -10224820 876234
-511478 -9662800 -7137858
23888460 25404290 388776
9197502 9312770 -3472252
-31621564 665550 9682946
-9691013 22135700 5643610
-8108056 -15480200 -15742174
-16908255 23471730 -12918472
13022860 -14484340 -12030376
-3859486 -21667350 4984026
-11912010 -17959990 -2282546
-1187240 0 1720796
75610 0 -7900536
705965 0 -5524470
73000 0 369852
-1344805 0 8753682
737275 0 3677800
187525 0 -8133636
3556385 0 115514
4695790 0 -5587148
-2599175 0 10065258
-474160 0 5395488
-3444285 0 -16443392
-1669565 0 -12414388
857840 0 -11994808
-134975 0 5027708
-2517680 0 -326858
-72225 0 1720796
-92685 0 -7900536
-393045 0 -5524470
-128760 0 369852
-304965 0 8753682
596625 0 3677800
-53520 0 -8133636
44985 0 115514
402570 0 -5587148
-1520535 0 10065258
184470 0 5395488
363450 0 -16443392
-187890 0 -12414388
-56385 0 -11994808
-250890 0 5027708
-395805 0 -326858
-72225 0 1720796
-92685 0 -7900536
-393045 0 -5524470
-128760 0 369852
-304965 0 8753682
596625 0 3677800
-53520 0 -8133636
44985 0 115514
402570 0 -5587148
-1520535 0 10065258
184470 0 5395488
363450 0 -16443392
-187890 0 -12414388
-56385 0 -11994808
-250890 0 5027708
-395805 0 -326858
62923 0 1944105
64159 0 -8167180
-282644 0 -5713753
166396 0 116797
-921493 0 8912684
1357454 0 4408610
-98155 0 -8420289
-61235 0 307365
567776 0 -5445159
-1356459 0 10351269
1905460 0 5559412
898279 0 -16816180
-193201 0 -13182648
-351202 0 -12289700
-1352640 0 4508009
-487674 0 -1017115
9292714 13195519 15922534
2595806 -9929844 -22479971
2300896 -12360128 -19956840
-2583600 16150143 -13799797
-13909197 27209224 21272322
18902450 -3147487 45344149
-1228690 -5419347 -25736780
-2792028 16296458 17124382
7388365 -6756127 -57341
-11457345 19044505 33588951
33821782 -13492698 19810302
15900910 23940821 -43507873
-8607220 -30725599 -53617548
-11155821 2765697 -36984501
-27326101 -24585705 -19646705
-7625519 -65894467 -38860203
-23641528 24106547 27516884
-9144306 -34875241 -38943517
-28031407 -18449239 -20370818
-15002119 97696593 -21217076
-5704619 164702935 52674669
32670292 -90436082 6309401
2900111 -23915672 -57285127
-14061558 114319191 114173811
11374030 -76646585 -10908114
-85300388 87151209 111842747
-2987561 -91567888 87259593
19995279 62209426 -126658215
6241804 -47200290 -96121254
5649684 46650592 -122366255
-6929533 -26440067 11508954
-14191471 -198810088 -75458525
15574183 -20607116 15092566
-4204173 -32252213 -58024305
-19340639 -28329927 -68846311
29276647 176410622 -36715245
-30081519 258552066 75026133
59047952 -147673259 -50855709
-12717546 -58205433 -64700472
-983039 -36142240 12799129
38357304 -115212994 -50870609
-57592367 66632115 96216765
36093880 -40261694 79844551
27255371 75794530 -181810851
23778901 -15900026 -114097085
-8279471 37910924 -129753743
-17398048 99790578 97463712
-21288390 -113156886 13269838
20489252 -125780902 -10896698
-10440178 -4438424 -84434406
-18468103 43872066 -68628796
-52044247 172116913 30883319
-37022281 147214703 88499156
90080241 -101076106 68962668
2593819 -79975169 -73601003
-10996035 -203218802 -140318375
66410912 -90021839 -76858043
-149713371 30649441 44271931
32338427 77220648 -26138683
45645628 -1251209 -114545647
-25119712 7167569 -103785126
-16261426 1274548 -57940644
-68248615 78179426 58736956
-58626690 104109150 69602826
-42120126 -103228727 1585548
-22133658 3919774 -32356944
-107101590 54688303 15837684
15173481 101720226 57168750
-32942216 -6796431 23433012
95102220 -8028575 41597580
-11735916 -47773407 -20875440
-25868848 -142737700 -4180372
96258881 -3130794 -30128576
-258978091 27941904 11225948
4186750 105357974 -3354030
44325047 -35197086 -19736650
-4107215 5609781 -1255532
1123910 -20146866 -6865598
19118358 -64465746 1115872
-52476034 86839111 24874234
1381432 -45620145 2306232
-9297960 -15165123 -4233976
-22675763 34786977 -5204564
-7206608 47933363 -3789930
-35500505 -50415520 5353410
28559471 -13987640 322320
-7326613 -32668023 -5119900
57486583 45637139 4937158
40079842 17463726 -2312348
-102234419 13217645 8891880
-29805808 56110092 7238682
-12977494 -38458229 -13205002
-21969987 30470079 -9765488
26509521 -17186488 -10757724
2441544 -70021851 3583650
-37729687 -18982922 -3473500
-4440200 0 1742140
504680 0 -7394720
3721180 0 -5914734
217690 0 -822100
-4687220 0 8519266
1084890 0 2689904
895550 0 -8021948
14367430 0 -269966
16935990 0 -4774604
-6478650 0 9910698
-2694910 0 5178920
-14525080 0 -16441368
-6519670 0 -12835012
3886255 0 -12083128
57175 0 5063956
-8846185 0 -918602
-72225 0 1720796
-92685 0 -7900536
-393045 0 -5524470
-128760 0 369852
-304965 0 8753682
596625 0 3677800
-53520 0 -8133636
44985 0 115514
402570 0 -5587148
-1520535 0 10065258
184470 0 5395488
363450 0 -16443392
-187890 0 -12414388
-56385 0 -11994808
-250890 0 5027708
-395805 0 -326858
-72225 0 1720796
-92685 0 -7900536
-393045 0 -5524470
-128760 0 369852
-304965 0 8753682
596625 0 3677800
-53520 0 -8133636
44985 0 115514
402570 0 -5587148
-1520535 0 10065258
184470 0 5395488
363450 0 -16443392
-187890 0 -12414388
-56385 0 -11994808
-250890 0 5027708
-395805 0 -326858
-72225 0 1720796
-92685 0 -7900536
-393045 0 -5524470
-128760 0 369852
-304965 0 8753682
596625 0 3677800
-53520 0 -8133636
44985 0 115514
402570 0 -5587148
-1520535 0 10065258
184470 0 5395488
363450 0 -16443392
-187890 0 -12414388
-56385 0 -11994808
-250890 0 5027708
-395805 0 -326858
3091330 1296381 6401520
2439056 -1021356 -13312726
1555896 -1185792 -9707484
3636475 1565037 -4800051
-10376857 2538336 12259214
13032508 -212493 18728310
-824816 -571473 -14082373
-1668859 1446342 4415911
3503493 -629373 -2866113
-155680 1751475 16431936
27862624 -1191582 9078077
9497617 2351319 -24465406
-1492581 -3102861 -27913750
-5514108 102483 -18599450
-18599580 -2423115 -5267839
-2496402 -6500433 -14365281
-3864879 28065098 26532672
-4434523 -17914079 -28410924
-2905162 -29728065 -27884332
-25211188 43368598 -18526392
-8769362 84883372 37131829
26866300 -24353129 45841702
-314065 -8277672 -40345733
-7308912 60396064 57174475
3800541 -23550190 -4502107
-73518061 57958517 68067360
7807847 -49975768 50132463
23609980 54839682 -80429272
-7191053 -58558507 -75254453
-16969693 27865109 -77846565
-24943317 -50795432 -13947569
-18805033 -147730142 -62131040
-7117378 -1392057 19229184
351500 -45403840 -44754829
-31376549 -16458215 -37036062
22304914 144409090 -26383929
-17602496 218495501 62327226
37432935 -140532662 -40899237
-6097605 -53989026 -58911178
-4675882 91461196 101084329
24971230 -110714315 -26314411
-81706300 80345413 119341261
46578888 -77107626 96203562
34735604 66037745 -157812759
-8833315 -31664481 -95787412
-11490666 44069433 -138104250
-16191595 38368133 62453900
-16977974 -190348869 -31773719
-11684430 -67581683 6453433
-1548234 -11415948 -76392391
6568767 11798841 -87727807
-41467728 175257043 -23074140
-42280243 231444979 84806282
58380747 -131604752 8944749
-3468109 -57423596 -72422839
6487186 -163344803 -102509986
-13087151 -122300157 -60803312
-129593439 45556346 63565525
64903842 1376294 17319042
53493887 38623632 -162243228
-22272117 4365319 -114618386
-36179993 22729123 -90941274
-83569884 126293984 87553564
-33776015 34968248 52585485
-32134039 -111691603 -6764908
-18809799 914694 -63534247
-70988089 46650618 -7606820
-11484470 140336534 68336652
-418254 37637083 58527520
78582076 -41104019 63946389
-3186014 -66625513 -51577038
-24494860 -204626951 -77794788
32582758 -27282708 -58569703
-259337694 29917212 23510134
-8221005 122139664 -25540499
76992531 -31132947 -58219043
6594824 29406755 -43348790
-12509421 -20741914 -23401472
-5543346 -8924072 23273536
-48618474 110650512 50406671
7168655 -75088842 2033998
-18093345 -11277304 -12420536
-68796848 64737764 6196640
25092303 68766055 21356160
-29234324 -51612139 7813514
68907498 -4283414 18337300
-20015773 -43275231 -5842626
7199821 -6095717 16251366
51334915 15662242 -16030966
-177599376 24219266 10265184
-20946607 83894554 10965084
40742072 -51467871 -9508136
14313932 28423898 1668078
5835615 -21713142 -6841916
22709635 -101673928 498888
-38401143 14650439 6552332
-7914689 -8414388 1724988
-578215 -9408899 -5917798
2695070 8703117 -6651708
-7898686 23474126 -3524516
-15684319 -20252277 7455230
1513381 -9505142 874014
1379117 -8982680 -7063798
40559851 23616199 536436
27430924 8657287 -3491012
-29862245 618705 9688686
-12666769 20577670 5736850
-27238066 -14390620 -15666574
-22793445 21819663 -12844552
15348556 -13464854 -12007216
-2056278 -20142285 4968186
-20631819 -16695869 -2314046
-221660 0 1720796
-70130 0 -7900536
-245755 0 -5524470
-101720 0 369852
-444325 0 8753682
615475 0 3677800
-21215 0 -8133636
515585 0 115514
977950 0 -5587148
-1665095 0 10065258
96200 0 5395488
-146865 0 -16443392
-386465 0 -12414388
66140 0 -11994808
-235355 0 5027708
-680180 0 -326858
-72225 0 1720796
-92685 0 -7900536
-393045 0 -5524470
-128760 0 369852
-304965 0 8753682
596625 0 3677800
-53520 0 -8133636
44985 0 115514
402570 0 -5587148
-1520535 0 10065258
184470 0 5395488
363450 0 -16443392
-187890 0 -12414388
-56385 0 -11994808
-250890 0 5027708
-395805 0 -326858
-72225 0 1720796
-92685 0 -7900536
-393045 0 -5524470
-128760 0 369852
-304965 0 8753682
596625 0 3677800
-53520 0 -8133636
44985 0 115514
402570 0 -5587148
-1520535 0 10065258
184470 0 5395488
363450 0 -16443392
-187890 0 -12414388
-56385 0 -11994808
-250890 0 5027708
-395805 0 -326858
-72225 0 1720796
-92685 0 -7900536
-393045 0 -5524470
-128760 0 369852
-304965 0 8753682
596625 0 3677800
-53520 0 -8133636
44985 0 115514
402570 0 -5587148
-1520535 0 10065258
184470 0 5395488
363450 0 -16443392
-187890 0 -12414388
-56385 0 -11994808
-250890 0 5027708
-395805 0 -326858
17111601 10778735 18118531
1026389 -7742130 -24597609
2360802 -10326088 -23651551
-13553888 13366377 -15872930
-7570724 23311859 24260323
10361854 -3350297 52575337
-1122627 -4112148 -28630899
-1286445 14557945 20694364
9650718 -5795675 -149750
-20825625 16519472 39641154
12929721 -12100992 22748633
13113073 19561846 -48767630
-19322059 -24419369 -57890063
-12903242 3622527 -42822274
-18479518 -20020623 -21607439
-11178418 -53610710 -43391196
-13215997 26987689 30327926
-4624069 -31767245 -35007890
-37396355 -23057504 -19355890
-11908687 89330808 -20579569
-5247369 152401496 48095883
15100758 -80461975 -4246430
4421504 -22317136 -52574023
-10587675 104951019 108031393
20839185 -68135299 -8994109
-62662516 87454317 98687939
2809967 -85481366 86751065
13569149 61236494 -124731649
-24094961 -47286945 -92577894
11818549 47012015 -116041764
384076 -32895619 14037486
-9691600 -192926864 -70042801
37614069 -19379595 -499541
752179 -35103285 -60515775
-9578172 -22515088 -60570446
-20565482 169906869 -28639681
-54281499 248698272 75858022
63844864 -143321443 -52334033
-8485261 -59678853 -66447999
564437 -19806331 5106899
34987553 -112388711 -52306436
-70640222 64534840 98979290
74315473 -39903288 64174330
44629462 72421574 -167389710
-37521335 -17067816 -117102325
-24456669 34900684 -122207271
-71052685 90213515 96862872
-32451743 -122752320 18942407
-43056526 -121657149 -4335533
-9192542 -6603544 -77666473
-45631492 46414561 -64616212
-62125925 166848188 23410506
-36255009 142905981 80617273
74663446 -94952629 66635851
5656430 -74843670 -66555049
-12551711 -210252537 -131762170
40498804 -89872741 -74359974
-242290659 15915871 40648308
50645097 76881326 -18554016
58434030 687770 -108889644
-61884523 1200883 -84938696
-27684722 -12084381 -51855793
-68003008 87653982 56153049
-57704488 106116770 64188082
-32803288 -97592816 1609514
-21972532 132576 -33501936
-99699756 58028810 17289099
3344969 103465153 61047753
-22835843 -7858493 23527697
72972200 -11684258 45185120
-13183290 -41427611 -20361622
-154470 -128133253 -634377
36337822 -8880222 -33452196
-280034636 25716628 11769753
-20059322 92995514 -1094350
67363291 -36111799 -18949712
-10529589 3356998 1045737
6343842 -26214800 -6387829
17452924 -65401532 712628
-46728430 77039205 26474143
6702389 -34674912 2034970
-8903413 -16841095 -4288598
-24218959 28278969 -5363790
-1194909 48194898 -3769009
-24766750 -47123893 5465144
25825304 -16198038 285852
-8589332 -27207244 -5192737
41268232 46904203 4900393
22571212 17643311 -2383245
-94604140 8584205 9018795
-27329112 50869526 7143815
3897835 -35096632 -13194001
-10631735 36180579 -10313524
18795978 -21337910 -10908190
5702599 -59031153 3635180
-28479203 -25034037 -3442546
-3583463 0 1744460
328693 0 -7339740
2732717 0 -5957154
-271988 0 -951660
-4121011 0 8493786
929539 0 2582524
713956 0 -8009808
12096707 0 -311866
13422466 0 -4686284
-6202157 0 9893898
-2414434 0 5155380
-11578290 0 -16441148
-5778818 0 -12880732
3456119 0 -12092728
-141968 0 5067896
-7319933 0 -982922
-72225 0 1720796
-92685 0 -7900536
-393045 0 -5524470
-128760 0 369852
-304965 0 8753682
596625 0 3677800
-53520 0 -8133636
44985 0 115514
402570 0 -5587148
-1520535 0 10065258
184470 0 5395488
363450 0 -16443392
-187890 0 -12414388
-56385 0 -11994808
-250890 0 5027708
-395805 0 -326858
-72225 0 1720796
-92685 0 -7900536
-393045 0 -5524470
-128760 0 369852
-304965 0 8753682
596625 0 3677800
-53520 0 -8133636
44985 0 115514
402570 0 -5587148
-1520535 0 10065258
184470 0 5395488
363450 0 -16443392
-187890 0 -12414388
-56385 0 -11994808
-250890 0 5027708
-395805 0 -326858
-72225 0 1720796
-92685 0 -7900536
-393045 0 -5524470
-128760 0 369852
-304965 0 8753682
596625 0 3677800
-53520 0 -8133636
44985 0 115514
402570 0 -5587148
-1520535 0 10065258
184470 0 5395488
363450 0 -16443392
-187890 0 -12414388
-56385 0 -11994808
-250890 0 5027708
-395805 0 -326858
-72225 0 1720796
-92685 0 -7900536
-393045 0 -5524470
-128760 0 369852
-304965 0 8753682
596625 0 3677800
-53520 0 -8133636
44985 0 115514
402570 0 -5587148
-1520535 0 10065258
184470 0 5395488
363450 0 -16443392
-187890 0 -12414388
-56385 0 -11994808
-250890 0 5027708
-395805 0 -326858
11300626 13211596 14950630
-3265732 -4276135 -27022990
-12666561 -13878210 -27116160
-5171363 18904568 -14123490
-3478894 41417372 35410348
15463897 -17341888 43917638
1513267 -1314129 -34741848
-7016533 34323479 45416908
17433891 -12940529 -9118974
-11863924 34737448 70765194
-2314979 -29787830 36617252
7095412 19814994 -66045880
-1271310 -14043431 -47210294
8450691 23998696 -67304624
-2513244 -21385999 -1014828
-6236787 -57278827 -36898200
-2649363 23331048 37984535
-4222843 -18685253 -47402483
-14621595 -22691632 -42252243
1752847 87418298 -36275054
-14666040 135131605 55355009
21329176 -105063694 -3050005
-3109980 -33664332 -55767687
-5019778 69638765 85064162
26446982 -75886519 -15026696
-25156224 108469799 107127250
4322342 -69524652 89693215
-2069904 20200258 -153675552
2093575 36113835 -75395411
1891818 74724738 -121984884
183781 3118942 41333135
-8748609 -110122437 -37530652
52194129 -15119994 17302166
-1242371 551087 -67846866
-10757792 2798166 -61696634
-34904130 107998225 -7318440
-30768082 150054322 76607413
52190034 -81492047 -8109666
840929 -51042400 -69040288
-1113263 -115607111 -73319888
62855160 -58884194 -51399612
-62770091 78559166 51936269
34215761 21096062 27238814
29571855 5639541 -157018829
-49011679 83227359 -105991718
-10593187 54934995 -88224918
-51779137 53726118 75470329
-40938555 23540763 34533104
-28033574 -92865413 -20196933
-17054418 5855019 -61776146
-95558064 48525436 -21923926
-40831737 96304884 56070679
-41656701 4447774 61649472
79479331 -4730044 57054530
2832148 -66821888 -52213169
-32799170 -166982388 -80202248
86639447 14074732 -61455565
-212736337 29198894 31001083
23887114 139584164 -25825343
40684027 -37266944 -57730586
-59011551 52055926 -70977861
8364994 -8922327 -32007614
-20760856 -43747935 28406122
-47300261 93507493 47793047
-14908918 -78335337 2216125
-14490710 -9708125 -11790713
-61855256 61400640 5387134
-12081778 58664035 19541172
-48115250 -53962090 7550589
49120001 -4391182 17051521
-8653430 -46022976 -5725536
33720139 10113405 15673304
58305008 15230069 -14850339
-161323245 26340676 10099857
-14911572 78673182 10764685
3882013 -49882448 -9814121
-37092556 19335081 1007473
25724122 -13157295 -7124643
3377202 -102890545 643366
-41812359 11462586 5822662
-6801124 -5148144 1736222
-1151882 -5756612 -6030097
77402 5324796 -6645968
-11253679 14362088 -3416235
-16528507 -12390876 7583560
1192503 -5815496 878565
1248424 -5495840 -7215621
38136467 14449012 233733
20491524 5296756 -3452554
-31228077 378540 9676919
-12616442 12589960 5545708
-22428785 -8804560 -15821554
-24018149 13349844 -12996088
16152002 -8238152 -12054694
-3550828 -12323580 5000658
-18244889 -10214972 -2249471
-334311 0 1720796
-53127 0 -7900536
-134721 0 -5524470
-81336 0 369852
-549381 0 8753682
629685 0 3677800
3138 0 -8133636
870345 0 115514
1411698 0 -5587148
-1774071 0 10065258
29658 0 5395488
-531564 0 -16443392
-536160 0 -12414388
158505 0 -11994808
-223644 0 5027708
-894555 0 -326858
-72225 0 1720796
-92685 0 -7900536
-393045 0 -5524470
-128760 0 369852
-304965 0 8753682
596625 0 3677800
-53520 0 -8133636
44985 0 115514
402570 0 -5587148
-1520535 0 10065258
184470 0 5395488
363450 0 -16443392
-187890 0 -12414388
-56385 0 -11994808
-250890 0 5027708
-395805 0 -326858
-72225 0 1720796
-92685 0 -7900536
-393045 0 -5524470
-128760 0 369852
-304965 0 8753682
596625 0 3677800
-53520 0 -8133636
44985 0 115514
402570 0 -5587148
-1520535 0 10065258
184470 0 5395488
363450 0 -16443392
-187890 0 -12414388
-56385 0 -11994808
-250890 0 5027708
-395805 0 -326858
-72225 0 1720796
-92685 0 -7900536
-393045 0 -5524470
-128760 0 369852
-304965 0 8753682
596625 0 3677800
-53520 0 -8133636
44985 0 115514
402570 0 -5587148
-1520535 0 10065258
184470 0 5395488
363450 0 -16443392
-187890 0 -12414388
-56385 0 -11994808
-250890 0 5027708
-395805 0 -326858
1936
0
0
0
0
0
0
0
0
0
0
0
0
0
0
0
0
0
0
0
0
0
0
0
0
0
0
0
0
0
0
0
0
0
0
0
0
0
0
0
0
0
0
0
0
0
0
0
0
0
0
0
0
0
0
0
0
0
0
0
0
0
0
0
0
0
0
0
0
0
0
0
0
0
0
0
0
0
0
0
0
60
0
0
0
0
0
0
0
0
0
0
86
0
0
0
0
2078
0
0
0
1661
0
0
972
0
1019
0
210
0
0
0
0
1330
0
0
0
1078
0
0
0
0
0
2485
797
0
0
458
0
0
0
0
0
0
157
0
0
0
0
0
0
0
0
874
1069
0
0
0
0
0
0
0
229
0
0
0
505
0
0
0
118
0
0
0
0
0
0
0
0
0
0
0
0
0
0
0
0
0
0
0
0
0
0
0
0
0
0
0
0
0
0
0
0
0
0
0
0
0
0
0
0
0
0
0
0
0
0
0
0
0
0
0
0
0
0
0
0
0
0
0
0
0
0
0
0
0
0
0
0
0
0
0
0
0
0
0
0
0
0
0
0
0
0
0
0
0
0
0
0
0
0
0
0
0
0
0
0
1376
0
0
0
314
0
0
0
0
21
0
271
0
0
0
0
2441
0
0
0
2756
0
0
2936
0
2315
365
195
0
0
0
0
0
0
0
0
1280
356
0
0
0
0
2640
0
0
0
1821
0
0
0
0
175
0
1228
0
0
0
0
0
17
0
0
1485
2311
0
0
0
0
0
0
0
1289
0
0
0
349
0
0
0
0
0
0
0
0
0
0
0
0
0
0
0
0
0
0
0
0
0
0
0
0
0
0
0
0
0
0
0
0
0
0
0
0
0
0
0
0
0
0
0
0
0
0
0
0
0
0
0
0
0
0
0
0
0
0
0
0
0
0
0
0
0
0
0
0
0
0
0
0
0
0
0
0
0
0
0
0
0
0
0
0
0
0
0
0
0
0
0
0
0
0
0
0
0
0
0
0
2064
0
0
0
1526
0
0
1261
0
2437
0
251
0
0
0
0
2320
0
974
0
3383
0
0
3053
0
1919
170
0
0
0
2005
0
0
0
0
0
0
1395
0
0
0
0
0
0
0
0
3757
329
0
0
0
370
0
701
0
0
0
0
0
0
0
0
2086
3315
0
0
0
0
0
0
0
1669
0
0
0
0
0
720
0
0
0
0
0
0
0
0
0
0
0
0
0
0
0
0
0
0
0
0
0
0
0
0
0
0
0
0
0
0
0
0
0
0
0
0
0
0
0
0
0
0
0
0
0
0
0
0
0
0
0
0
0
0
0
0
0
0
0
0
0
0
0
0
0
0
0
0
0
0
0
0
0
0
0
0
0
0
0
0
0
0
409
0
0
0
0
0
0
0
0
0
0
263
0
0
0
0
1977
0
0
0
2784
0
0
2981
0
3518
0
317
0
0
0
0
1573
0
9
130
2858
0
0
838
0
1523
1656
0
0
0
3997
0
0
0
0
306
0
3072
0
0
0
0
0
0
0
0
3291
3050
0
0
0
1246
0
1692
0
0
190
0
0
0
0
0
127
2532
0
0
0
0
0
0
0
1704
0
0
0
0
0
112
0
0
0
0
0
0
0
0
0
0
0
0
0
0
0
0
0
0
0
0
0
0
0
0
0
0
0
0
0
0
0
0
0
0
0
0
0
0
0
0
0
0
0
0
0
0
0
0
0
0
0
0
0
0
0
0
0
0
0
0
0
0
0
0
0
0
0
0
0
0
0
0
0
0
0
0
0
0
0
0
0
0
1503
0
0
0
966
0
0
301
0
172
0
545
0
0
0
0
954
0
1260
378
4381
0
0
3757
0
2521
0
45
0
0
2063
0
0
0
589
0
1976
0
0
0
0
0
0
0
0
0
5175
0
0
0
0
0
0
0
0
0
0
0
0
0
0
0
3138
4739
0
0
0
0
0
0
0
413
0
0
0
0
0
124
0
1227
0
0
0
0
0
0
0
617
0
0
0
0
0
33
0
0
0
0
0
0
0
0
0
0
0
0
0
0
0
0
0
0
0
0
0
0
0
0
0
0
0
0
0
0
0
0
0
0
0
0
0
0
0
0
0
0
0
0
0
0
0
0
0
0
0
0
0
0
0
0
0
0
0
0
0
0
0
0
0
0
888
0
0
0
0
0
0
0
0
0
0
519
0
0
0
0
1594
0
0
0
2979
0
0
2284
0
916
0
543
0
0
0
0
0
0
557
1232
3722
0
0
1801
0
2017
131
0
0
0
4794
0
0
0
0
430
0
910
0
0
0
0
0
0
0
0
4724
3256
0
0
707
1662
0
1540
0
0
0
0
0
0
981
0
529
4529
0
0
0
0
0
0
0
1430
664
0
0
0
0
0
0
0
0
0
0
0
0
0
0
0
0
0
0
0
0
0
0
0
0
0
0
0
0
0
0
0
0
0
0
0
0
0
0
0
0
0
0
0
0
0
0
0
0
0
0
0
0
0
0
0
0
0
0
0
0
0
0
0
0
0
0
0
0
0
0
0
0
0
0
0
0
0
0
0
0
0
0
0
0
0
0
0
2218
0
0
0
1481
0
0
880
0
1065
0
585
0
0
0
0
1407
0
666
254
4431
0
0
3263
0
1921
0
11
0
0
2368
0
0
0
876
0
1945
0
0
0
0
0
0
0
0
0
4447
216
0
0
184
0
0
0
0
0
0
0
0
0
0
0
3045
5775
0
0
653
0
0
0
0
316
0
0
0
0
0
0
0
1725
0
0
0
0
0
0
0
624
0
0
0
0
367
0
0
0
0
0
0
0
0
0
0
0
0
0
0
0
175
0
0
0
0
0
0
0
0
0
0
0
0
0
0
0
0
0
0
0
0
0
0
0
0
0
0
0
0
0
0
0
0
0
0
0
0
0
0
0
0
0
0
0
0
0
0
0
0
0
0
0
801
0
0
0
0
0
0
0
0
0
0
471
0
0
0
0
1759
0
0
0
3377
0
0
2992
0
2418
0
237
0
0
0
0
341
0
851
803
3503
0
0
1218
0
2183
0
0
0
0
5168
0
0
0
0
942
0
0
0
0
0
0
0
0
0
0
4257
3408
0
0
1070
97
0
409
0
0
0
0
0
0
0
0
478
4823
0
0
0
0
0
0
0
1811
0
0
0
0
0
0
0
0
0
0
0
0
0
0
0
0
0
0
0
0
156
0
0
0
0
0
0
0
0
0
0
0
0
0
0
0
0
0
0
0
0
0
0
0
0
0
0
0
0
0
0
0
0
0
0
0
0
0
0
0
0
0
0
0
0
0
0
0
0
0
0
0
0
0
0
0
0
0
0
0
0
0
0
24
0
0
0
0
1960
0
0
0
1465
0
0
785
0
589
0
453
0
0
0
0
1041
0
1069
655
3952
0
0
3781
0
2705
0
59
0
0
2615
0
0
0
807
0
798
0
0
0
0
0
0
0
0
0
5139
883
0
0
501
493
0
67
0
0
0
0
0
0
0
0
2762
5683
0
0
491
0
0
252
0
168
0
0
0
0
0
0
0
1449
0
0
0
0
0
0
0
831
0
0
0
0
0
0
0
0
0
0
0
0
0
0
0
0
0
0
0
0
5
0
0
0
0
0
0
0
0
0
0
0
0
0
0
0
0
0
0
0
0
0
0
0
0
0
0
0
0
0
0
0
0
0
0
0
0
0
0
0
0
0
0
0
0
0
0
0
0
0
0
0
955
0
0
0
0
0
0
0
0
0
0
359
0
0
0
0
2348
0
0
0
2852
0
0
3074
0
2641
0
642
0
0
0
0
219
0
1026
0
2533
0
0
910
0
1556
696
0
0
0
4236
0
0
0
183
0
0
0
0
0
0
0
0
0
0
0
3899
4189
0
0
1222
0
0
22
0
0
0
0
0
0
0
0
0
4366
0
0
0
0
0
0
0
1597
0
0
0
0
0
0
0
0
0
0
0
0
0
0
0
0
0
0
0
0
232
0
0
0
0
0
0
0
0
0
0
0
0
0
0
0
0
0
0
0
0
0
0
0
0
0
0
0
0
0
0
0
0
0
0
0
0
0
0
0
0
0
0
0
0
0
0
0
0
0
0
0
0
0
0
0
0
0
0
0
0
0
0
0
0
0
0
0
878
0
0
0
0
0
0
74
0
160
0
0
0
0
0
0
2358
0
843
0
7
0
0
3351
0
2918
0
0
753
0
928
0
71
0
17
0
0
0
0
0
0
0
0
0
0
21
3240
1384
0
0
0
0
0
0
0
0
0
0
0
0
0
0
168
6095
0
0
231
0
0
0
0
296
0
0
0
0
0
55
0
1241
0
0
0
0
0
0
0
606
0
0
0
0
0
0
0
0
0
0
0
0
0
0
0
0
0
0
0
0
43
0
0
0
0
0
0
0
0
0
0
0
0
0
0
0
0
0
0
0
0
0
0
0
0
0
0
0
0
0
0
0
0
0
0
0
0
0
0
0
0
0
0
0
0
0
0
0
0
0
0
0
